# Mon 20:55:47 09-Jun-2014
begin	ecidentify default_red_1_1000_1x1_wave_ref
	id	default_red_1_1000_1x1_wave_ref
	task	ecidentify
	image	default_red_1_1000_1x1_wave_ref
	units	angstroms
	features	1404
		  1   53   100.51  8539.72083    8539.793   4.0  1  1
		  1   53   154.87  8542.09586   8542.0871   4.0  1  1
		  1   53   191.48  8543.69544   8543.7225   4.0  1  1
		  1   53   211.35  8544.56368   8544.5955   4.0  1  1
		  1   53   446.28  8554.82846    8554.944   4.0  1  1
		  1   53   527.23  8558.36513   8558.4464   4.0  1  1
		  1   53   531.31  8558.54374   8558.4464   4.0  1  1
		  1   53   752.80  8568.22126   8568.2088   4.0  1  1
		  1   53   867.73  8573.24256   8573.1205   4.0  1  1
		  1   53   913.70  8575.25132   8575.3305   4.0  1  1
		  1   53   959.28  8577.24279   8577.2768   4.0  1  1
		  1   53  1194.37  8587.51436   8587.6342   4.0  1  1
		  1   53  1293.79  8591.85844   8591.8387   4.0  1  1
		  1   53  1321.90   8593.0869   8593.1089   4.0  1  1
		  1   53  1477.31  8599.87718   8599.7553   4.0  1  1
		  1   53  1949.78  8620.52075   8620.4602   4.0  1  1
		  1   53  1966.42  8621.24743   8621.3225   4.0  1  1
		  1   53  2198.45  8631.38574   8631.3565   4.0  1  1
		  1   53  2382.96  8639.44726   8639.4416   4.0  1  1
		  1   53  2513.99  8645.17251   8645.3087   4.0  1  1
		  1   53  2519.40    8645.409   8645.3087   4.0  1  1
		  1   53  2602.08  8649.02135    8649.149   4.0  1  1
		  1   53  2606.07  8649.19556    8649.149   4.0  1  1
		  1   53  2760.64  8655.94916    8655.876   4.0  1  1
		  1   53  3032.76  8667.83899   8667.9442   4.0  1  1
		  1   53  3037.46  8668.04425   8667.9442   4.0  1  1
		  1   53  3204.69   8675.3513   8675.3983   4.0  1  1
		  1   53  3273.50  8678.35748   8678.4083   4.0  1  1
		  1   53  3277.17  8678.51815   8678.4083   4.0  1  1
		  1   53  3795.49  8701.16491   8701.1209   4.0  1  1
		  1   53  3851.67  8703.61967   8703.7025   4.0  1  1
		  1   53  3876.94  8704.72348   8704.8601   4.0  1  1
		  1   53  3936.93  8707.34466   8707.3592   4.0  1  1
		  1   53  4007.64   8710.4344   8710.4142   4.0  1  1
		  1   53  4060.63  8712.74975   8712.8528   4.0  1  1
		  1   53  4081.83  8713.67582   8713.6547   4.0  1  1
		  2   54   145.43   8385.6538    8385.728   4.0  1  1
		  2   54   870.22  8416.71472   8416.7269   4.0  1  1
		  2   54   976.14  8421.25398   8421.2254   4.0  1  1
		  2   54  1056.70  8424.70642   8424.6475   4.0  1  1
		  2   54  1241.08  8432.60811   8432.4935   4.0  1  1
		  2   54  1540.42  8445.43639    8445.487   4.0  1  1
		  2   54  1663.66  8450.71759   8450.6754   4.0  1  1
		  2   54  1797.25  8456.44271   8456.3468   4.0  1  1
		  2   54  1979.22   8464.2412   8464.2367   4.0  1  1
		  2   54  2011.64  8465.63052   8465.6706   4.0  1  1
		  2   54  2157.70  8471.88983    8471.826   4.0  1  1
		  2   54  2308.66  8478.35924    8478.358   4.0  1  1
		  2   54  2586.67  8490.27364   8490.3065   4.0  1  1
		  2   54  2826.76   8500.5627   8500.6797   4.0  1  1
		  2   54  3063.02  8510.68744    8510.624   4.0  1  1
		  2   54  3091.14  8511.89275   8511.9091   4.0  1  1
		  2   54  3094.11  8512.02001   8511.9091   4.0  1  1
		  2   54  3798.48  8542.20584   8542.0871   4.0  1  1
		  2   54  3834.92  8543.76744   8543.7225   4.0  1  1
		  2   54  4096.36  8554.97151    8554.944   4.0  1  1
		  3   55    51.04  8231.32858   8231.4069   4.0  1  1
		  3   55   136.56  8234.92464   8234.9381   4.0  1  1
		  3   55   581.97  8253.65335   8253.6156   4.0  1  1
		  3   55   609.45  8254.80879   8254.7422   4.0  1  1
		  3   55   718.25   8259.3836    8259.511   4.0  1  1
		  3   55   723.58  8259.60789    8259.511   4.0  1  1
		  3   55  1106.39  8275.70421   8275.6266   4.0  1  1
		  3   55  1576.84  8295.48585   8295.5497   4.0  1  1
		  3   55  1615.59   8297.1149   8297.1765   4.0  1  1
		  3   55  1789.28  8304.41831   8304.4244   4.0  1  1
		  3   55  1962.81  8311.71508   8311.6306   4.0  1  1
		  3   55  2181.68  8320.91807   8320.8554   4.0  1  1
		  3   55  2407.83  8330.42729   8330.4494   4.0  1  1
		  3   55  2671.58  8341.51747    8341.477   4.0  1  1
		  3   55  3016.68   8356.0284   8356.0627   4.0  1  1
		  3   55  3081.60  8358.75781    8358.726   4.0  1  1
		  3   55  3123.72  8360.52911   8360.4915   4.0  1  1
		  3   55  3335.63  8369.43927   8369.3404   4.0  1  1
		  3   55  3700.78  8384.79334    8384.724   4.0  1  1
		  3   55  3723.71  8385.75766    8385.728   4.0  1  1
		  3   55  3790.32  8388.55822   8388.5363   4.0  1  1
		  3   55  4108.00  8401.91619    8401.989   4.0  1  1
		  4   56    18.99  8085.09333    8085.219   4.0  1  1
		  4   56    21.81  8085.20976    8085.219   4.0  1  1
		  4   56   124.58   8089.4509   8089.4852   4.0  1  1
		  4   56   126.64  8089.53596   8089.4852   4.0  1  1
		  4   56   193.87   8092.3106   8092.2373   4.0  1  1
		  4   56   225.20  8093.60345   8093.6238   4.0  1  1
		  4   56   929.08  8122.65255   8122.7234   4.0  1  1
		  4   56   931.98  8122.77207   8122.7234   4.0  1  1
		  4   56  1091.89  8129.37181   8129.4051   4.0  1  1
		  4   56  1095.19  8129.50793   8129.4051   4.0  1  1
		  4   56  1346.49  8139.87897   8139.9032   4.0  1  1
		  4   56  1426.65  8143.18706    8143.138   4.0  1  1
		  4   56  1585.75  8149.75297   8149.7021   4.0  1  1
		  4   56  1652.13  8152.49279   8152.3818   4.0  1  1
		  4   56  1827.10  8159.71359   8159.7277   4.0  1  1
		  4   56  1829.76  8159.82324   8159.7277   4.0  1  1
		  4   56  2071.31  8169.79213   8169.7865   4.0  1  1
		  4   56  2252.66   8177.2764   8177.1788   4.0  1  1
		  4   56  2487.02  8186.94823   8186.9113   4.0  1  1
		  4   56  2579.95  8190.78346   8190.8849   4.0  1  1
		  4   56  2585.13  8190.99724   8190.8849   4.0  1  1
		  4   56  2670.01  8194.50031   8194.3943   4.0  1  1
		  4   56  2857.24  8202.22716   8202.1469   4.0  1  1
		  4   56  2983.78  8207.44948   8207.4785   4.0  1  1
		  4   56  3145.94  8214.14171   8214.1472   4.0  1  1
		  4   56  3219.73  8217.18737   8217.2264   4.0  1  1
		  4   56  3566.36  8231.49237   8231.4069   4.0  1  1
		  4   56  3648.38  8234.87746   8234.9381   4.0  1  1
		  4   56  4074.49  8252.46284   8252.3936   4.0  1  1
		  4   56  4100.24  8253.52547   8253.6156   4.0  1  1
		  4   56  4105.01  8253.72253   8253.6156   4.0  1  1
		  5   57   694.48  7972.65947    7972.596   4.0  1  1
		  5   57   729.43  7974.07562   7974.1592   4.0  1  1
		  5   57   903.29  7981.12034   7981.2262   4.0  1  1
		  5   57  1073.28  7988.00794   7987.9731   4.0  1  1
		  5   57  1154.83  7991.31225   7991.3655   4.0  1  1
		  5   57  1734.70  8014.80792   8014.7857   4.0  1  1
		  5   57  1918.02  8022.23568   8022.2014   4.0  1  1
		  5   57  2014.86  8026.15955   8026.2135   4.0  1  1
		  5   57  2170.50  8032.46578   8032.4313   4.0  1  1
		  5   57  2288.93  8037.26461   8037.2183   4.0  1  1
		  5   57  2685.02  8053.31377   8053.3085   4.0  1  1
		  5   57  2713.24  8054.45723   8054.5355   4.0  1  1
		  5   57  2717.79  8054.64149   8054.5355   4.0  1  1
		  5   57  2915.61  8062.65679   8062.6304   4.0  1  1
		  5   57  3237.08  8075.68263   8075.6518   4.0  1  1
		  5   57  3470.08  8085.12314    8085.219   4.0  1  1
		  5   57  3576.68  8089.44251   8089.4852   4.0  1  1
		  5   57  3677.78  8093.53928   8093.6238   4.0  1  1
		  5   57  3928.94  8103.71575   8103.6931   4.0  1  1
		  6   58    28.46    7810.683   7810.6245   4.0  1  1
		  6   58    98.05  7813.45221   7813.4761   4.0  1  1
		  6   58   109.08  7813.89133   7813.9729   4.0  1  1
		  6   58   119.64  7814.31147    7814.323   4.0  1  1
		  6   58   163.97   7816.0755   7816.1534   4.0  1  1
		  6   58   319.69  7822.27208   7822.3877   4.0  1  1
		  6   58   625.47  7834.44021   7834.4578   4.0  1  1
		  6   58   655.56   7835.6379   7835.6209   4.0  1  1
		  6   58   819.03  7842.14277   7842.2656   4.0  1  1
		  6   58   953.90  7847.50961   7847.5394   4.0  1  1
		  6   58  1370.52   7864.0885   7864.0218   4.0  1  1
		  6   58  1416.78  7865.92951   7865.9698   4.0  1  1
		  6   58  1585.35  7872.63728   7872.6316   4.0  1  1
		  6   58  1659.38  7875.58348   7875.4626   4.0  1  1
		  6   58  1699.10  7877.16416   7877.0756   4.0  1  1
		  6   58  2112.06  7893.59716   7893.6191   4.0  1  1
		  6   58  2185.09  7896.50333   7896.4528   4.0  1  1
		  6   58  2282.47  7900.37849     7900.32   4.0  1  1
		  6   58  2686.74  7916.46587    7916.442   4.0  1  1
		  6   58  2899.93  7924.94957   7924.9914   4.0  1  1
		  6   58  2922.72  7925.85635   7925.7478   4.0  1  1
		  6   58  3219.62  7937.67128   7937.7335   4.0  1  1
		  6   58  3318.36  7941.60014   7941.7259   4.0  1  1
		  6   58  3645.71  7954.62673   7954.5923   4.0  1  1
		  7   59    98.59  7683.01072   7683.0189   4.0  1  1
		  7   59   517.66  7699.39333   7699.4034   4.0  1  1
		  7   59   526.31  7699.73139   7699.7794   4.0  1  1
		  7   59   655.93  7704.79873   7704.8169   4.0  1  1
		  7   59   797.48  7710.33232   7710.2692   4.0  1  1
		  7   59   853.49  7712.52196    7712.405   4.0  1  1
		  7   59  1272.86  7728.91675    7728.951   4.0  1  1
		  7   59  1275.94  7729.03705    7728.951   4.0  1  1
		  7   59  1347.20  7731.82279   7731.7385   4.0  1  1
		  7   59  1619.65  7742.47355   7742.5628   4.0  1  1
		  7   59  1658.44  7743.99009   7743.9552   4.0  1  1
		  7   59  2111.59  7761.70529   7761.7133   4.0  1  1
		  7   59  2138.79  7762.76836    7762.732   4.0  1  1
		  7   59  2374.28  7771.97443   7771.9468   4.0  1  1
		  7   59  2494.63  7776.67928   7776.6727   4.0  1  1
		  7   59  2540.96  7778.49073   7778.4922   4.0  1  1
		  7   59  2543.19  7778.57779   7778.4922   4.0  1  1
		  7   59  2779.75  7787.82565   7787.8002   4.0  1  1
		  7   59  2808.04  7788.93152   7788.9342   4.0  1  1
		  7   59  3046.26  7798.24422   7798.3579   4.0  1  1
		  7   59  3049.77  7798.38144   7798.3579   4.0  1  1
		  7   59  3364.65   7810.6912   7810.6245   4.0  1  1
		  7   59  3455.83   7814.2557    7814.323   4.0  1  1
		  7   59  3501.93   7816.0578   7816.1534   4.0  1  1
		  7   59  3544.53  7817.72319   7817.7669   4.0  1  1
		  7   59  3547.24  7817.82912   7817.7669   4.0  1  1
		  7   59  3970.81  7834.38784   7834.4578   4.0  1  1
		  7   59  4002.81  7835.63869   7835.6209   4.0  1  1
		  7   59  4026.80   7836.5768   7836.4597   4.0  1  1
		  8   60    54.66  7555.20874   7555.3254   4.0  1  1
		  8   60   331.29  7565.83569   7565.8515   4.0  1  1
		  8   60   348.57  7566.49947   7566.5296   4.0  1  1
		  8   60   382.22  7567.79219   7567.7417   4.0  1  1
		  8   60   426.90  7569.50879   7569.5115   4.0  1  1
		  8   60   452.06  7570.47514    7570.559   4.0  1  1
		  8   60   940.57  7589.24172   7589.3151   4.0  1  1
		  8   60  1424.81  7607.84416    7607.823   4.0  1  1
		  8   60  1696.50  7618.28136   7618.3443   4.0  1  1
		  8   60  1740.45  7619.97004   7620.0773   4.0  1  1
		  8   60  2007.73  7630.23778   7630.3106   4.0  1  1
		  8   60  2057.36  7632.14439   7632.1305   4.0  1  1
		  8   60  2132.84  7635.04375    7635.106   4.0  1  1
		  8   60  2456.85  7647.49125   7647.3794   4.0  1  1
		  8   60  2579.81  7652.21472   7652.3202   4.0  1  1
		  8   60  2582.96  7652.33555   7652.3202   4.0  1  1
		  8   60  2739.78  7658.36014   7658.3246   4.0  1  1
		  8   60  2785.75  7660.12617   7660.0234   4.0  1  1
		  8   60  2807.32   7660.9547   7660.8903   4.0  1  1
		  8   60  2955.93   7666.6639   7666.5679   4.0  1  1
		  8   60  3013.57  7668.87791   7668.9608   4.0  1  1
		  8   60  3017.49  7669.02843   7668.9608   4.0  1  1
		  8   60  3042.19  7669.97763   7670.0575   4.0  1  1
		  8   60  3098.93  7672.15725   7672.2552   4.0  1  1
		  8   60  3103.55  7672.33452   7672.2552   4.0  1  1
		  8   60  3205.20  7676.23949   7676.2195   4.0  1  1
		  8   60  3256.51  7678.21074   7678.1267   4.0  1  1
		  8   60  3382.26  7683.04168   7683.0189   4.0  1  1
		  8   60  3439.83  7685.25334   7685.3075   4.0  1  1
		  8   60  3806.83  7699.35184   7699.4034   4.0  1  1
		  8   60  3818.94  7699.81704   7699.7794   4.0  1  1
		  8   60  3854.71  7701.19139   7701.1081   4.0  1  1
		  8   60  3918.01  7703.62296    7703.685   4.0  1  1
		  8   60  3949.41   7704.8291   7704.8169   4.0  1  1
		  8   60  4091.27  7710.27882   7710.2692   4.0  1  1
		  8   60  4093.38  7710.36003   7710.2692   4.0  1  1
		  9   61   111.05  7435.38717   7435.3683   4.0  1  1
		  9   61   248.58  7440.58058   7440.4933   4.0  1  1
		  9   61   359.04  7444.75163   7444.7489   4.0  1  1
		  9   61   442.09  7447.88778   7447.8488   4.0  1  1
		  9   61   636.11  7455.21387    7455.208   4.0  1  1
		  9   61   727.28  7458.65678   7458.7541   4.0  1  1
		  9   61   844.79  7463.09414    7462.991   4.0  1  1
		  9   61  1004.09  7469.10921   7469.0566   4.0  1  1
		  9   61  1056.62  7471.09296   7471.1641   4.0  1  1
		  9   61  1060.94  7471.25589   7471.1641   4.0  1  1
		  9   61  1504.81  7488.01718   7487.9738   4.0  1  1
		  9   61  1651.32  7493.54918   7493.4276   4.0  1  1
		  9   61  1840.30  7500.68546   7500.6556   4.0  1  1
		  9   61  2124.81  7511.42888   7511.3498   4.0  1  1
		  9   61  2132.33  7511.71295   7511.7902   4.0  1  1
		  9   61  2211.99  7514.72065   7514.6518   4.0  1  1
		  9   61  2435.46  7523.15935   7523.1347   4.0  1  1
		  9   61  2576.85  7528.49811   7528.4892   4.0  1  1
		  9   61  2786.88  7536.42909   7536.4365   4.0  1  1
		  9   61  2789.97  7536.54605   7536.4365   4.0  1  1
		  9   61  3126.61  7549.25782   7549.3138   4.0  1  1
		  9   61  3617.89  7567.80889   7567.7417   4.0  1  1
		  9   61  3687.47  7570.43647    7570.559   4.0  1  1
		  9   61  3691.86  7570.60213    7570.559   4.0  1  1
		  9   61  3702.97  7571.02182   7571.0326   4.0  1  1
		 10   62    51.06  7315.10738   7315.0661   4.0  1  1
		 10   62    75.47   7316.0135    7316.005   4.0  1  1
		 10   62   405.38  7328.26214    7328.285   4.0  1  1
		 10   62   408.49   7328.3776    7328.285   4.0  1  1
		 10   62   440.30   7329.5587   7329.4916   4.0  1  1
		 10   62   602.02  7335.56312   7335.5772   4.0  1  1
		 10   62   866.21  7345.37163   7345.3996   4.0  1  1
		 10   62   869.24  7345.48425   7345.3996   4.0  1  1
		 10   62   938.16  7348.04305    7348.053   4.0  1  1
		 10   62  1217.87  7358.42769   7358.3449   4.0  1  1
		 10   62  1293.56  7361.23771   7361.3472   4.0  1  1
		 10   62  1297.73   7361.3927   7361.3472   4.0  1  1
		 10   62  1548.32  7370.69652   7370.8255   4.0  1  1
		 10   62  1587.42  7372.14787   7372.1184   4.0  1  1
		 10   62  1812.87  7380.51849   7380.4263   4.0  1  1
		 10   62  1903.01  7383.86493   7383.9805   4.0  1  1
		 10   62  1908.38  7384.06447   7383.9805   4.0  1  1
		 10   62  2148.06  7392.96318   7392.9801   4.0  1  1
		 10   62  2150.70  7393.06106   7392.9801   4.0  1  1
		 10   62  2158.55  7393.35266   7393.4377   4.0  1  1
		 10   62  2633.44  7410.98364   7410.9683   4.0  1  1
		 10   62  2655.84  7411.81538   7411.7363   4.0  1  1
		 10   62  2670.10   7412.3447   7412.3368   4.0  1  1
		 10   62  2814.08  7417.69051   7417.7908   4.0  1  1
		 10   62  3116.38  7428.91396   7428.9405   4.0  1  1
		 10   62  3119.92   7429.0454   7428.9405   4.0  1  1
		 10   62  3148.89  7430.12081   7430.2533   4.0  1  1
		 10   62  3290.50   7435.3786   7435.3683   4.0  1  1
		 10   62  3292.88  7435.46694   7435.3683   4.0  1  1
		 10   62  3316.52  7436.34449    7436.297   4.0  1  1
		 10   62  3427.22  7440.45445   7440.4933   4.0  1  1
		 10   62  3542.61  7444.73877   7444.7489   4.0  1  1
		 10   62  3626.10  7447.83829   7447.8488   4.0  1  1
		 10   62  3825.43  7455.23893    7455.208   4.0  1  1
		 10   62  4001.87  7461.78954   7461.8746   4.0  1  1
		 10   62  4034.76  7463.01061    7462.991   4.0  1  1
		 11   63    31.04  7200.10851   7200.0454   4.0  1  1
		 11   63    89.54  7202.24438    7202.191   4.0  1  1
		 11   63    95.04  7202.44537   7202.5166   4.0  1  1
		 11   63   208.48  7206.58744    7206.483   4.0  1  1
		 11   63   244.61  7207.90662   7208.0063   4.0  1  1
		 11   63   524.92  7218.14172   7218.0542   4.0  1  1
		 11   63   550.04  7219.05871   7219.1515   4.0  1  1
		 11   63   552.46  7219.14699   7219.1515   4.0  1  1
		 11   63   599.80  7220.87565   7220.9809   4.0  1  1
		 11   63   717.25   7225.1641   7225.1099   4.0  1  1
		 11   63   875.64  7230.94774   7230.8623   4.0  1  1
		 11   63   947.47  7233.57029   7233.5365   4.0  1  1
		 11   63  1126.59  7240.11046   7240.1848   4.0  1  1
		 11   63  1131.30  7240.28265   7240.1848   4.0  1  1
		 11   63  1182.89  7242.16632   7242.0919   4.0  1  1
		 11   63  1293.63  7246.20998   7246.1277   4.0  1  1
		 11   63  1410.88  7250.49117   7250.5895   4.0  1  1
		 11   63  1413.28  7250.57865   7250.5895   4.0  1  1
		 11   63  1545.76  7255.41587   7255.3541   4.0  1  1
		 11   63  1591.40  7257.08241    7256.986   4.0  1  1
		 11   63  1622.18  7258.20625    7258.177   4.0  1  1
		 11   63  2024.60  7272.90001   7272.9359   4.0  1  1
		 11   63  2353.96  7284.92599   7284.9033   4.0  1  1
		 11   63  2366.46  7285.38252   7285.4437   4.0  1  1
		 11   63  2666.54  7296.33941   7296.2659   4.0  1  1
		 11   63  2715.06  7298.11107   7298.1434   4.0  1  1
		 11   63  3179.36  7315.06417   7315.0661   4.0  1  1
		 11   63  3202.89   7315.9235    7316.005   4.0  1  1
		 11   63  3400.37  7323.13399   7323.2106   4.0  1  1
		 11   63  3405.51  7323.32161   7323.2106   4.0  1  1
		 11   63  3445.43  7324.77929   7324.8073   4.0  1  1
		 11   63  3483.36  7326.16416   7326.1491   4.0  1  1
		 11   63  3542.12  7328.30993    7328.285   4.0  1  1
		 11   63  3574.74   7329.5009   7329.4916   4.0  1  1
		 11   63  3744.01  7335.68145   7335.5772   4.0  1  1
		 11   63  3851.66  7339.61214   7339.6035   4.0  1  1
		 11   63  3934.12  7342.62303   7342.5769   4.0  1  1
		 11   63  4010.98  7345.42958   7345.3996   4.0  1  1
		 11   63  4036.55  7346.36319   7346.3428   4.0  1  1
		 11   63  4082.20  7348.03017    7348.053   4.0  1  1
		 12   64    16.36  7088.89568   7088.8232   4.0  1  1
		 12   64    27.90  7089.31025   7089.3395   4.0  1  1
		 12   64   340.98  7100.55568   7100.5144   4.0  1  1
		 12   64   342.85  7100.62294   7100.5144   4.0  1  1
		 12   64   534.03  7107.48982   7107.4778   4.0  1  1
		 12   64   715.39  7114.00413   7113.9879   4.0  1  1
		 12   64   728.39   7114.4712   7114.3984   4.0  1  1
		 12   64  1041.04  7125.70126     7125.82   4.0  1  1
		 12   64  1180.93  7130.72564   7130.7236   4.0  1  1
		 12   64  1197.67  7131.32706   7131.3586   4.0  1  1
		 12   64  1451.09  7140.42965   7140.4617   4.0  1  1
		 12   64  1632.50  7146.94577   7147.0416   4.0  1  1
		 12   64  1635.78  7147.06348   7147.0416   4.0  1  1
		 12   64  1725.88  7150.29989   7150.2844   4.0  1  1
		 12   64  1814.37  7153.47842   7153.5877   4.0  1  1
		 12   64  1910.33  7156.92508   7156.9416   4.0  1  1
		 12   64  1914.22  7157.06459   7156.9416   4.0  1  1
		 12   64  1962.25  7158.78994   7158.8387   4.0  1  1
		 12   64  1992.87  7159.88977    7159.947   4.0  1  1
		 12   64  2195.83  7167.17974   7167.2028   4.0  1  1
		 12   64  2198.44  7167.27355   7167.2028   4.0  1  1
		 12   64  2244.66  7168.93392   7168.8952   4.0  1  1
		 12   64  2284.28  7170.35677   7170.3607   4.0  1  1
		 12   64  2447.58   7176.2226    7176.186   4.0  1  1
		 12   64  2460.68  7176.69307   7176.7213   4.0  1  1
		 12   64  2789.96  7188.52051    7188.532   4.0  1  1
		 12   64  2861.45  7191.08814   7191.1328   4.0  1  1
		 12   64  2865.28  7191.22558   7191.1328   4.0  1  1
		 12   64  3111.67  7200.07593   7200.0454   4.0  1  1
		 12   64  3176.93  7202.41991   7202.5166   4.0  1  1
		 12   64  3287.76  7206.40067    7206.483   4.0  1  1
		 12   64  3301.83  7206.90602   7206.9804   4.0  1  1
		 12   64  3333.37  7208.03891   7208.0063   4.0  1  1
		 12   64  3611.22  7218.01918   7218.0542   4.0  1  1
		 12   64  3614.25  7218.12799   7218.0542   4.0  1  1
		 12   64  3644.99  7219.23196   7219.1515   4.0  1  1
		 12   64  3696.26  7221.07354   7220.9809   4.0  1  1
		 12   64  3807.84   7225.0813   7225.1099   4.0  1  1
		 12   64  3944.30  7229.98296   7229.9386   4.0  1  1
		 12   64  4044.26  7233.57345   7233.5365   4.0  1  1
		 13   65     3.70  6981.17713   6981.0831   4.0  1  1
		 13   65   123.90  6985.42541   6985.4718   4.0  1  1
		 13   65   138.95  6985.95746   6986.0298   4.0  1  1
		 13   65   244.13  6989.67469   6989.6553   4.0  1  1
		 13   65   314.76  6992.17096   6992.2126   4.0  1  1
		 13   65   317.56  6992.26992   6992.2126   4.0  1  1
		 13   65   327.99   6992.6384   6992.6966   4.0  1  1
		 13   65   330.83  6992.73896   6992.6966   4.0  1  1
		 13   65   339.04   6993.0291   6993.0371   4.0  1  1
		 13   65   524.36  6999.57879   6999.6238   4.0  1  1
		 13   65   562.07  7000.91151   7000.8036   4.0  1  1
		 13   65   739.26  7007.17368   7007.0961   4.0  1  1
		 13   65   971.98   7015.3986   7015.3172   4.0  1  1
		 13   65  1116.19  7020.49559   7020.4841   4.0  1  1
		 13   65  1136.23  7021.20385   7021.2832   4.0  1  1
		 13   65  1138.92  7021.29902   7021.2832   4.0  1  1
		 13   65  1285.75  7026.48828   7026.4616   4.0  1  1
		 13   65  1389.24  7030.14576   7030.2514   4.0  1  1
		 13   65  1561.39  7036.22998   7036.2831   4.0  1  1
		 13   65  1630.53  7038.67367   7038.7202   4.0  1  1
		 13   65  1828.34  7045.66464    7045.797   4.0  1  1
		 13   65  1832.13  7045.79867    7045.797   4.0  1  1
		 13   65  2189.89  7058.44278   7058.4895   4.0  1  1
		 13   65  2435.16  7067.11125   7067.2181   4.0  1  1
		 13   65  2547.63  7071.08636   7071.0942   4.0  1  1
		 13   65  2559.42  7071.50292     7071.48   4.0  1  1
		 13   65  2581.76  7072.29245   7072.3939   4.0  1  1
		 13   65  2637.82  7074.27391   7074.2563   4.0  1  1
		 13   65  2668.32  7075.35189   7075.3336   4.0  1  1
		 13   65  2723.46  7077.30046    7077.369   4.0  1  1
		 13   65  2915.32  7084.08142    7084.169   4.0  1  1
		 13   65  2920.07  7084.24936    7084.169   4.0  1  1
		 13   65  2990.47  7086.73759   7086.7044   4.0  1  1
		 13   65  3052.41  7088.92657   7088.8232   4.0  1  1
		 13   65  3376.79  7100.39106   7100.5144   4.0  1  1
		 13   65  3380.45  7100.52048   7100.5144   4.0  1  1
		 13   65  3573.99  7107.36063   7107.4778   4.0  1  1
		 13   65  3577.88  7107.49815   7107.4778   4.0  1  1
		 13   65  3625.36  7109.17615   7109.1819   4.0  1  1
		 13   65  3645.41  7109.88471   7109.8602   4.0  1  1
		 13   65  3731.94  7112.94292   7112.9189   4.0  1  1
		 13   65  3760.28  7113.94472   7113.9879   4.0  1  1
		 13   65  3764.28  7114.08583   7113.9879   4.0  1  1
		 13   65  4058.33  7124.47839   7124.5607   4.0  1  1
		 13   65  4094.63  7125.76123     7125.82   4.0  1  1
		 13   65  4098.26  7125.88973     7125.82   4.0  1  1
		 14   66    75.47  6879.66012   6879.5824   4.0  1  1
		 14   66   166.46  6882.82537   6882.8114   4.0  1  1
		 14   66   266.71  6886.31239   6886.4082   4.0  1  1
		 14   66   289.08  6887.09054   6887.0881   4.0  1  1
		 14   66   316.69  6888.05078   6888.1742   4.0  1  1
		 14   66   435.25  6892.17484   6892.2502   4.0  1  1
		 14   66   438.38  6892.28373   6892.2502   4.0  1  1
		 14   66   495.91   6894.2849   6894.2303   4.0  1  1
		 14   66   682.02  6900.75847   6900.7632   4.0  1  1
		 14   66   724.08  6902.22152   6902.2105   4.0  1  1
		 14   66   916.69  6908.92105   6908.9905   4.0  1  1
		 14   66  1080.36  6914.61429   6914.7127   4.0  1  1
		 14   66  1127.32  6916.24754   6916.1289   4.0  1  1
		 14   66  1238.31  6920.10828   6920.0394   4.0  1  1
		 14   66  1377.31  6924.94335   6925.0094   4.0  1  1
		 14   66  1380.40  6925.05069   6925.0094   4.0  1  1
		 14   66  1715.00  6936.68942   6936.6528   4.0  1  1
		 14   66  1745.46  6937.74884   6937.6642   4.0  1  1
		 14   66  1911.59  6943.52764   6943.6105   4.0  1  1
		 14   66  1986.02   6946.1164   6946.2134   4.0  1  1
		 14   66  2141.25   6951.5159   6951.4776   4.0  1  1
		 14   66  2246.59   6955.1802    6955.315   4.0  1  1
		 14   66  2253.03   6955.4041    6955.315   4.0  1  1
		 14   66  2651.37  6969.25996   6969.2976   4.0  1  1
		 14   66  2653.71  6969.34135   6969.2976   4.0  1  1
		 14   66  2987.79  6980.96173   6981.0831   4.0  1  1
		 14   66  2991.50  6981.09083   6981.0831   4.0  1  1
		 14   66  3116.45  6985.43703   6985.4718   4.0  1  1
		 14   66  3119.97  6985.55945   6985.4718   4.0  1  1
		 14   66  3130.63  6985.93041   6986.0298   4.0  1  1
		 14   66  3135.39  6986.09577   6986.0298   4.0  1  1
		 14   66  3311.77  6992.23124   6992.2126   4.0  1  1
		 14   66  3325.62  6992.71296   6992.6966   4.0  1  1
		 14   66  3334.72  6993.02947   6993.0371   4.0  1  1
		 14   66  3358.41   6993.8535   6993.9873   4.0  1  1
		 14   66  3364.43  6994.06285   6993.9873   4.0  1  1
		 14   66  3445.37  6996.87816   6996.7573   4.0  1  1
		 14   66  3523.87  6999.60889   6999.6238   4.0  1  1
		 14   66  3526.45   6999.6986   6999.6238   4.0  1  1
		 14   66  3559.54  7000.84942   7000.8036   4.0  1  1
		 14   66  3620.23  7002.96068   7002.8829   4.0  1  1
		 14   66  3738.99  7007.09145   7007.0961   4.0  1  1
		 14   66  3964.00  7014.91809   7014.9689   4.0  1  1
		 14   66  3974.04  7015.26748   7015.3172   4.0  1  1
		 14   66  3977.72  7015.39551   7015.3172   4.0  1  1
		 14   66  4067.59  7018.52156   7018.5675   4.0  1  1
		 14   66  4072.31  7018.68555   7018.5675   4.0  1  1
		 15   67    64.25  6778.32857   6778.3123   4.0  1  1
		 15   67    93.40  6779.32669   6779.3242   4.0  1  1
		 15   67   116.73  6780.12555   6780.1252   4.0  1  1
		 15   67   124.37  6780.38732   6780.4131   4.0  1  1
		 15   67   337.01  6787.66823   6787.7364   4.0  1  1
		 15   67   369.93  6788.79545   6788.8403   4.0  1  1
		 15   67   440.45  6791.21029   6791.2351   4.0  1  1
		 15   67   575.46  6795.83347   6795.7982   4.0  1  1
		 15   67   653.23  6798.49628   6798.4868   4.0  1  1
		 15   67   712.82  6800.53661   6800.4645   4.0  1  1
		 15   67   913.73  6807.41641    6807.319   4.0  1  1
		 15   67   944.51   6808.4703   6808.5311   4.0  1  1
		 15   67   962.21  6809.07632      6809.1   4.0  1  1
		 15   67   968.52  6809.29246   6809.3173   4.0  1  1
		 15   67   973.26  6809.45473   6809.5094   4.0  1  1
		 15   67   978.97  6809.65008   6809.6773   4.0  1  1
		 15   67  1062.62  6812.51452   6812.4915   4.0  1  1
		 15   67  1421.15   6824.7913   6824.6774   4.0  1  1
		 15   67  1491.04  6827.18421   6827.2488   4.0  1  1
		 15   67  1494.07  6827.28799   6827.2488   4.0  1  1
		 15   67  1542.20  6828.93599   6829.0355   4.0  1  1
		 15   67  1548.42  6829.14911   6829.0355   4.0  1  1
		 15   67  1551.22  6829.24484   6829.3472   4.0  1  1
		 15   67  1554.40  6829.35403   6829.3472   4.0  1  1
		 15   67  1657.91  6832.89829   6832.8927   4.0  1  1
		 15   67  1660.05  6832.97156   6832.8927   4.0  1  1
		 15   67  1716.39  6834.90062   6834.9246   4.0  1  1
		 15   67  1843.99  6839.27005   6839.2949   4.0  1  1
		 15   67  2054.20  6846.46779    6846.479   4.0  1  1
		 15   67  2214.42    6851.954   6851.8842   4.0  1  1
		 15   67  2223.75  6852.27346   6852.3545   4.0  1  1
		 15   67  2226.65  6852.37287   6852.3545   4.0  1  1
		 15   67  2259.87  6853.51024   6853.5234   4.0  1  1
		 15   67  2274.85  6854.02341   6854.1093   4.0  1  1
		 15   67  2312.86  6855.32482    6855.315   4.0  1  1
		 15   67  2319.67  6855.55791   6855.6891   4.0  1  1
		 15   67  2321.76  6855.62969   6855.6891   4.0  1  1
		 15   67  2487.86  6861.31731   6861.2688   4.0  1  1
		 15   67  2531.26   6862.8031   6862.8685   4.0  1  1
		 15   67  2534.47  6862.91305   6862.8685   4.0  1  1
		 15   67  2644.25  6866.67206   6866.7634   4.0  1  1
		 15   67  2779.72   6871.3111   6871.2891   4.0  1  1
		 15   67  3021.70  6879.59686   6879.5824   4.0  1  1
		 15   67  3238.73  6887.02828   6887.0881   4.0  1  1
		 15   67  3241.68  6887.12909   6887.0881   4.0  1  1
		 15   67  3270.69  6888.12267   6888.1742   4.0  1  1
		 15   67  3307.51  6889.38331   6889.3032   4.0  1  1
		 15   67  3448.91  6894.22509   6894.2303   4.0  1  1
		 15   67  3637.34  6900.67722   6900.7632   4.0  1  1
		 15   67  3678.69  6902.09318   6902.2105   4.0  1  1
		 15   67  3881.27  6909.02992   6908.9905   4.0  1  1
		 15   67  3883.10  6909.09245   6908.9905   4.0  1  1
		 15   67  3906.73  6909.90174   6909.8491   4.0  1  1
		 15   67  3947.15  6911.28575   6911.2264   4.0  1  1
		 15   67  4046.52   6914.6882   6914.7127   4.0  1  1
		 15   67  4091.19  6916.21789   6916.1289   4.0  1  1
		 16   68    12.69  6678.61758   6678.7067   4.0  1  1
		 16   68    57.44  6680.12652   6680.0811   4.0  1  1
		 16   68   153.07   6683.3506   6683.3673   4.0  1  1
		 16   68   276.08  6687.49792   6687.5207   4.0  1  1
		 16   68   433.76  6692.81436   6692.7262   4.0  1  1
		 16   68   467.51  6693.95239   6694.0068   4.0  1  1
		 16   68   483.33   6694.4855   6694.4967   4.0  1  1
		 16   68   582.33  6697.82331   6697.7123   4.0  1  1
		 16   68   668.79  6700.73845   6700.7499   4.0  1  1
		 16   68  1060.64   6713.9498     6713.97   4.0  1  1
		 16   68  1215.36  6719.16656   6719.1995   4.0  1  1
		 16   68  1325.61  6722.88362   6722.8899   4.0  1  1
		 16   68  1458.14  6727.35193   6727.4583   4.0  1  1
		 16   68  1461.00  6727.44834   6727.4583   4.0  1  1
		 16   68  1502.26  6728.83925   6728.7595   4.0  1  1
		 16   68  1532.43  6729.85656   6729.9328   4.0  1  1
		 16   68  1611.59  6732.52555   6732.6491   4.0  1  1
		 16   68  1614.99  6732.64013   6732.6491   4.0  1  1
		 16   68  1649.06  6733.78895   6733.7488   4.0  1  1
		 16   68  1775.43  6738.04936     6738.18   4.0  1  1
		 16   68  1780.71  6738.22764     6738.18   4.0  1  1
		 16   68  1889.31  6741.88913   6741.9212   4.0  1  1
		 16   68  1915.54  6742.77335   6742.8845   4.0  1  1
		 16   68  2169.52  6751.33644   6751.4267   4.0  1  1
		 16   68  2213.99  6752.83562   6752.8335   4.0  1  1
		 16   68  2236.06  6753.57999   6753.6598   4.0  1  1
		 16   68  2319.84  6756.40439   6756.4528   4.0  1  1
		 16   68  2323.78  6756.53739   6756.4528   4.0  1  1
		 16   68  2724.39  6770.04411   6770.1069   4.0  1  1
		 16   68  2729.75  6770.22488   6770.1069   4.0  1  1
		 16   68  2787.53  6772.17297   6772.1745   4.0  1  1
		 16   68  2812.67  6773.02066   6773.0973   4.0  1  1
		 16   68  2970.84  6778.35339   6778.3123   4.0  1  1
		 16   68  2999.93   6779.3343   6779.3242   4.0  1  1
		 16   68  3022.98  6780.11138   6780.1252   4.0  1  1
		 16   68  3029.44  6780.32904   6780.4131   4.0  1  1
		 16   68  3248.20  6787.70487   6787.7364   4.0  1  1
		 16   68  3248.20  6787.70487   6787.7364   4.0  1  1
		 16   68  3283.48  6788.89437   6788.8403   4.0  1  1
		 16   68  3351.02  6791.17139   6791.2351   4.0  1  1
		 16   68  3568.07  6798.48923   6798.4868   4.0  1  1
		 16   68  3625.10  6800.41209   6800.4645   4.0  1  1
		 16   68  3628.29  6800.51964   6800.4645   4.0  1  1
		 16   68  3882.57  6809.09274      6809.1   4.0  1  1
		 16   68  3887.69  6809.26537   6809.3173   4.0  1  1
		 16   68  3891.13  6809.38138   6809.3173   4.0  1  1
		 16   68  3893.80  6809.47136   6809.5094   4.0  1  1
		 16   68  3899.35  6809.65867   6809.6773   4.0  1  1
		 16   68  3902.11  6809.75171   6809.6773   4.0  1  1
		 16   68  3925.35  6810.53532   6810.5494   4.0  1  1
		 16   68  3982.88  6812.47483   6812.4915   4.0  1  1
		 16   68  4074.84   6815.5755   6815.6123   4.0  1  1
		 16   68  4077.76  6815.67363   6815.6123   4.0  1  1
		 17   69    24.12  6583.89073    6583.906   4.0  1  1
		 17   69    28.09   6584.0226    6583.906   4.0  1  1
		 17   69    45.36  6584.59604    6584.613   4.0  1  1
		 17   69   310.15  6593.38846   6593.4628   4.0  1  1
		 17   69   313.05  6593.48475   6593.4628   4.0  1  1
		 17   69   467.25  6598.60493   6598.6778   4.0  1  1
		 17   69   492.70  6599.44985   6599.4824   4.0  1  1
		 17   69   593.40  6602.79363    6602.762   4.0  1  1
		 17   69   618.61  6603.63059   6603.6209   4.0  1  1
		 17   69   654.87  6604.83482   6604.8534   4.0  1  1
		 17   69   669.53  6605.32147   6605.4165   4.0  1  1
		 17   69   909.63  6613.29388    6613.374   4.0  1  1
		 17   69  1023.37  6617.07052    6617.058   4.0  1  1
		 17   69  1038.54  6617.57433   6617.5154   4.0  1  1
		 17   69  1113.29  6620.05631   6619.9458   4.0  1  1
		 17   69  1140.27  6620.95229   6620.9665   4.0  1  1
		 17   69  1142.71  6621.03324   6620.9665   4.0  1  1
		 17   69  1476.59  6632.11968   6632.0837   4.0  1  1
		 17   69  1513.72  6633.35264   6633.4579   4.0  1  1
		 17   69  1657.64  6638.13139   6638.2207   4.0  1  1
		 17   69  1661.34  6638.25417   6638.2207   4.0  1  1
		 17   69  1682.51  6638.95712   6638.9119   4.0  1  1
		 17   69  1824.14  6643.65996   6643.6976   4.0  1  1
		 17   69  1854.28  6644.66079   6644.6635   4.0  1  1
		 17   69  1914.40    6646.657   6646.5407   4.0  1  1
		 17   69  1965.98  6648.36951   6648.4954   4.0  1  1
		 17   69  1982.48  6648.91757   6648.9586   4.0  1  1
		 17   69  2223.02  6656.90444   6656.9386   4.0  1  1
		 17   69  2226.40  6657.01691   6656.9386   4.0  1  1
		 17   69  2384.14  6662.25458   6662.2686   4.0  1  1
		 17   69  2424.14  6663.58279   6663.6966   4.0  1  1
		 17   69  2427.61  6663.69796   6663.6966   4.0  1  1
		 17   69  2508.42  6666.38115   6666.3588   4.0  1  1
		 17   69  2758.69  6674.69139   6674.6969   4.0  1  1
		 17   69  2835.06  6677.22701   6677.2817   4.0  1  1
		 17   69  2917.43  6679.96209   6680.0811   4.0  1  1
		 17   69  3019.74  6683.35939   6683.3673   4.0  1  1
		 17   69  3044.51   6684.1819   6684.2929   4.0  1  1
		 17   69  3048.88  6684.32708   6684.2929   4.0  1  1
		 17   69  3142.50   6687.4355   6687.5207   4.0  1  1
		 17   69  3145.08  6687.52137   6687.5207   4.0  1  1
		 17   69  3336.48  6693.87649   6694.0068   4.0  1  1
		 17   69  3342.47  6694.07541   6694.0068   4.0  1  1
		 17   69  3352.28  6694.40121   6694.4967   4.0  1  1
		 17   69  3355.17  6694.49707   6694.4967   4.0  1  1
		 17   69  3453.77  6697.77101   6697.7123   4.0  1  1
		 17   69  3544.51  6700.78423   6700.7499   4.0  1  1
		 17   69  3938.53  6713.86751     6713.97   4.0  1  1
		 17   69  3943.23  6714.02365     6713.97   4.0  1  1
		 17   69  4045.49  6717.41894   6717.3851   4.0  1  1
		 17   69  4102.50  6719.31211   6719.1995   4.0  1  1
		 18   70    76.73  6493.21689   6493.1975   4.0  1  1
		 18   70    91.97   6493.7153   6493.7777   4.0  1  1
		 18   70   140.08  6495.28895   6495.2573   4.0  1  1
		 18   70   165.28  6496.11336   6496.0292   4.0  1  1
		 18   70   256.84  6499.10791   6499.1061   4.0  1  1
		 18   70   270.02  6499.53908   6499.6456   4.0  1  1
		 18   70   275.95  6499.73298   6499.6456   4.0  1  1
		 18   70   323.60  6501.29181   6501.3608   4.0  1  1
		 18   70   328.28  6501.44461   6501.3608   4.0  1  1
		 18   70   345.42  6502.00544   6501.9919   4.0  1  1
		 18   70   393.23  6503.56924   6503.5111   4.0  1  1
		 18   70   539.92  6508.36728   6508.3605   4.0  1  1
		 18   70   557.52   6508.9428   6509.0503   4.0  1  1
		 18   70   563.23  6509.12966   6509.0503   4.0  1  1
		 18   70   954.93  6521.94128   6522.0432   4.0  1  1
		 18   70  1243.02  6531.36438   6531.3418   4.0  1  1
		 18   70  1389.11  6536.14278   6536.1441   4.0  1  1
		 18   70  1435.50  6537.66006   6537.6139   4.0  1  1
		 18   70  1566.18  6541.93429   6542.0498   4.0  1  1
		 18   70  1573.00  6542.15727   6542.0498   4.0  1  1
		 18   70  1814.63  6550.06089   6550.1877   4.0  1  1
		 18   70  1820.74  6550.26058   6550.1877   4.0  1  1
		 18   70  1862.32  6551.62044   6551.7055   4.0  1  1
		 18   70  2084.75  6558.89589   6558.8756   4.0  1  1
		 18   70  2255.49  6564.48064   6564.4445   4.0  1  1
		 18   70  2274.23  6565.09349     6565.07   4.0  1  1
		 18   70  2615.08  6576.24221   6576.1221   4.0  1  1
		 18   70  2646.58  6577.27238   6577.2146   4.0  1  1
		 18   70  2661.16   6577.7494   6577.6552   4.0  1  1
		 18   70  2734.26  6580.14022   6580.2299   4.0  1  1
		 18   70  2869.21  6584.55417    6584.613   4.0  1  1
		 18   70  2900.22  6585.56861   6585.6945   4.0  1  1
		 18   70  2905.25  6585.73314   6585.6945   4.0  1  1
		 18   70  2989.32  6588.48287   6588.5396   4.0  1  1
		 18   70  2993.51  6588.61996   6588.5396   4.0  1  1
		 18   70  3077.48  6591.36651   6591.4845   4.0  1  1
		 18   70  3081.99  6591.51387   6591.4845   4.0  1  1
		 18   70  3140.92  6593.44156   6593.4628   4.0  1  1
		 18   70  3153.35   6593.8481   6593.9391   4.0  1  1
		 18   70  3220.00  6596.02796   6596.1141   4.0  1  1
		 18   70  3222.22  6596.10076   6596.1141   4.0  1  1
		 18   70  3226.17   6596.2299   6596.1141   4.0  1  1
		 18   70  3298.03  6598.58012   6598.6778   4.0  1  1
		 18   70  3301.06  6598.67945   6598.6778   4.0  1  1
		 18   70  3324.65  6599.45091   6599.4824   4.0  1  1
		 18   70  3426.10  6602.76937    6602.762   4.0  1  1
		 18   70  3490.56  6604.87765   6604.8534   4.0  1  1
		 18   70  3504.05  6605.31893   6605.4165   4.0  1  1
		 18   70  3860.95  6616.99238    6617.058   4.0  1  1
		 18   70  3864.10  6617.09556    6617.058   4.0  1  1
		 18   70  3876.81  6617.51121   6617.5154   4.0  1  1
		 18   70  3895.34  6618.11722   6618.1668   4.0  1  1
		 18   70  3954.12   6620.0399   6619.9458   4.0  1  1
		 18   70  3980.68  6620.90855   6620.9665   4.0  1  1
		 19   71    67.34  6403.09685   6403.0128   4.0  1  1
		 19   71   171.98  6406.46892   6406.4462   4.0  1  1
		 19   71   455.69  6415.61181   6415.5374   4.0  1  1
		 19   71   542.52  6418.41016   6418.3703   4.0  1  1
		 19   71   653.41  6421.98362   6422.1075   4.0  1  1
		 19   71   659.29  6422.17313   6422.1075   4.0  1  1
		 19   71   681.72  6422.89597   6422.8969   4.0  1  1
		 19   71   865.77  6428.82701   6428.7733   4.0  1  1
		 19   71  1110.37  6436.70961   6436.6699   4.0  1  1
		 19   71  1141.56  6437.71471   6437.7613   4.0  1  1
		 19   71  1160.46  6438.32372   6438.3095   4.0  1  1
		 19   71  1181.34  6438.99674    6438.916   4.0  1  1
		 19   71  1184.95  6439.11298   6439.0715   4.0  1  1
		 19   71  1271.25  6441.89422   6441.8994   4.0  1  1
		 19   71  1331.40  6443.83258   6443.8598   4.0  1  1
		 19   71  1384.36  6445.53912   6445.6407   4.0  1  1
		 19   71  1422.70   6446.7748   6446.7712   4.0  1  1
		 19   71  1523.36  6450.01872    6450.006   4.0  1  1
		 19   71  1550.86   6450.9047   6450.9557   4.0  1  1
		 19   71  1585.81   6452.0311   6452.0591   4.0  1  1
		 19   71  1683.23  6455.17057   6455.2647   4.0  1  1
		 19   71  1686.95  6455.29047   6455.2647   4.0  1  1
		 19   71  1750.99  6457.35416   6457.2824   4.0  1  1
		 19   71  1847.10   6460.4513    6460.475   4.0  1  1
		 19   71  2179.91  6471.17655   6471.2131   4.0  1  1
		 19   71  2547.60  6483.02567   6483.0825   4.0  1  1
		 19   71  2549.70  6483.09339   6483.0825   4.0  1  1
		 19   71  2684.61  6487.44096   6487.4811   4.0  1  1
		 19   71  2786.87   6490.7365   6490.7372   4.0  1  1
		 19   71  2863.56   6493.2077   6493.1975   4.0  1  1
		 19   71  2881.30  6493.77941   6493.7777   4.0  1  1
		 19   71  2883.68  6493.85637   6493.9694   4.0  1  1
		 19   71  2890.30  6494.06951   6493.9694   4.0  1  1
		 19   71  2926.72  6495.24314   6495.2573   4.0  1  1
		 19   71  2947.12  6495.90076   6496.0292   4.0  1  1
		 19   71  2950.42   6496.0069   6496.0292   4.0  1  1
		 19   71  2993.43  6497.39305   6497.4919   4.0  1  1
		 19   71  3042.72  6498.98141   6499.1061   4.0  1  1
		 19   71  3047.18  6499.12513   6499.1061   4.0  1  1
		 19   71  3063.64  6499.65567   6499.6456   4.0  1  1
		 19   71  3091.80  6500.56311   6500.6575   4.0  1  1
		 19   71  3096.31  6500.70833   6500.6575   4.0  1  1
		 19   71  3115.40  6501.32361   6501.3608   4.0  1  1
		 19   71  3132.22  6501.86573   6501.9919   4.0  1  1
		 19   71  3135.68  6501.97727   6501.9919   4.0  1  1
		 19   71  3179.65  6503.39419   6503.5111   4.0  1  1
		 19   71  3290.49  6506.96608   6506.9868   4.0  1  1
		 19   71  3336.81  6508.45878   6508.3605   4.0  1  1
		 19   71  3356.56  6509.09525   6509.0503   4.0  1  1
		 19   71  3501.60  6513.76932   6513.8462   4.0  1  1
		 19   71  3506.34  6513.92222   6513.8462   4.0  1  1
		 19   71  3759.71  6522.08712   6522.0432   4.0  1  1
		 19   71  3775.99  6522.61174   6522.4994   4.0  1  1
		 19   71  4048.50  6531.39385   6531.3418   4.0  1  1
		 20   72    69.50  6315.84743    6315.775   4.0  1  1
		 20   72   109.56  6317.11973   6317.1824   4.0  1  1
		 20   72   243.06  6321.35907   6321.3004   4.0  1  1
		 20   72   259.53  6321.88211   6321.8199   4.0  1  1
		 20   72   431.54  6327.34462   6327.2778   4.0  1  1
		 20   72   560.00   6331.4242   6331.4137   4.0  1  1
		 20   72   615.85  6333.19795   6333.1459   4.0  1  1
		 20   72   688.30   6335.4986    6335.406   4.0  1  1
		 20   72   753.63  6337.57333   6337.6201   4.0  1  1
		 20   72   758.35  6337.72335   6337.6201   4.0  1  1
		 20   72   920.88  6342.88487   6342.8595   4.0  1  1
		 20   72  1020.66  6346.05359   6346.1209   4.0  1  1
		 20   72  1024.23  6346.16671   6346.1209   4.0  1  1
		 20   72  1091.43   6348.3008   6348.2321   4.0  1  1
		 20   72  1091.43   6348.3008   6348.2321   4.0  1  1
		 20   72  1102.09  6348.63957   6348.7375   4.0  1  1
		 20   72  1104.78  6348.72483   6348.7375   4.0  1  1
		 20   72  1325.37  6355.72999     6355.63   4.0  1  1
		 20   72  1363.57  6356.94319   6357.0229   4.0  1  1
		 20   72  1368.40  6357.09667   6357.0229   4.0  1  1
		 20   72  1382.92  6357.55791   6357.6779   4.0  1  1
		 20   72  1429.86  6359.04843   6359.1345   4.0  1  1
		 20   72  1433.82  6359.17425   6359.1345   4.0  1  1
		 20   72  1450.33  6359.69839   6359.6744   4.0  1  1
		 20   72  1612.82  6364.85855   6364.8937   4.0  1  1
		 20   72  1615.70  6364.95017   6364.8937   4.0  1  1
		 20   72  1744.97   6369.0553   6369.1394   4.0  1  1
		 20   72  1759.32  6369.51099   6369.5748   4.0  1  1
		 20   72  1762.32  6369.60651   6369.5748   4.0  1  1
		 20   72  1835.48  6371.92984   6371.9436   4.0  1  1
		 20   72  1993.14  6376.93644   6376.9305   4.0  1  1
		 20   72  2052.39  6378.81813   6378.7604   4.0  1  1
		 20   72  2134.98   6381.4411   6381.3598   4.0  1  1
		 20   72  2143.49  6381.71134   6381.7588   4.0  1  1
		 20   72  2236.15  6384.65367   6384.7169   4.0  1  1
		 20   72  2322.53  6387.39694   6387.3957   4.0  1  1
		 20   72  2383.11  6389.32071     6389.39   4.0  1  1
		 20   72  2441.32  6391.16938   6391.1774   4.0  1  1
		 20   72  2523.82  6393.78947   6393.7972   4.0  1  1
		 20   72  2530.43  6393.99916   6394.0498   4.0  1  1
		 20   72  2621.08  6396.87806   6396.9499   4.0  1  1
		 20   72  2690.94  6399.09666   6399.2065   4.0  1  1
		 20   72  2694.88  6399.22182   6399.2065   4.0  1  1
		 20   72  2716.41  6399.90557   6399.9498   4.0  1  1
		 20   72  2721.21  6400.05796   6399.9498   4.0  1  1
		 20   72  2813.04  6402.97406   6403.0128   4.0  1  1
		 20   72  2921.75  6406.42644   6406.4462   4.0  1  1
		 20   72  3208.82  6415.54292   6415.5374   4.0  1  1
		 20   72  3233.33  6416.32137   6416.3071   4.0  1  1
		 20   72  3299.25  6418.41467   6418.3703   4.0  1  1
		 20   72  3414.35   6422.0701   6422.1075   4.0  1  1
		 20   72  3497.29  6424.70386   6424.8127   4.0  1  1
		 20   72  3501.05  6424.82331   6424.8127   4.0  1  1
		 20   72  3621.87  6428.66018   6428.7733   4.0  1  1
		 20   72  3709.32  6431.43743    6431.555   4.0  1  1
		 20   72  3712.95  6431.55253    6431.555   4.0  1  1
		 20   72  3873.38  6436.64748   6436.6699   4.0  1  1
		 20   72  3877.12  6436.76622   6436.6699   4.0  1  1
		 20   72  3906.78  6437.70799   6437.7613   4.0  1  1
		 20   72  3924.65  6438.27547   6438.3095   4.0  1  1
		 20   72  3942.74  6438.85011    6438.916   4.0  1  1
		 20   72  3947.23  6438.99252    6438.916   4.0  1  1
		 20   72  3952.87  6439.17191   6439.0715   4.0  1  1
		 20   72  4096.36  6443.72857   6443.8598   4.0  1  1
		 20   72  4099.87  6443.83995   6443.8598   4.0  1  1
		 21   73   135.68  6232.99229   6232.9745   4.0  1  1
		 21   73   171.32  6234.10762   6234.1962   4.0  1  1
		 21   73   175.53   6234.2395   6234.1962   4.0  1  1
		 21   73   198.63  6234.96258   6234.8554   4.0  1  1
		 21   73   456.93  6243.04745   6243.1201   4.0  1  1
		 21   73   519.96  6245.02037   6245.0409   4.0  1  1
		 21   73   539.71   6245.6388   6245.6182   4.0  1  1
		 21   73   556.86  6246.17557   6246.1736   4.0  1  1
		 21   73   694.10  6250.47116   6250.4858   4.0  1  1
		 21   73   916.82  6257.44268   6257.4237   4.0  1  1
		 21   73  1191.73  6266.04746   6266.1737   4.0  1  1
		 21   73  1198.14  6266.24802   6266.1737   4.0  1  1
		 21   73  1366.28  6271.51106   6271.5444   4.0  1  1
		 21   73  1371.21  6271.66536   6271.5444   4.0  1  1
		 21   73  1515.53  6276.18277   6276.1646   4.0  1  1
		 21   73  1591.70  6278.56687   6278.6453   4.0  1  1
		 21   73  1609.37  6279.11988    6279.166   4.0  1  1
		 21   73  1612.63  6279.22192    6279.166   4.0  1  1
		 21   73  1806.32  6285.28472    6285.278   4.0  1  1
		 21   73  1870.51  6287.29406   6287.2554   4.0  1  1
		 21   73  1997.48  6291.26813   6291.1915   4.0  1  1
		 21   73  2005.93  6291.53268   6291.6286   4.0  1  1
		 21   73  2177.91  6296.91577   6296.8722   4.0  1  1
		 21   73  2238.72  6298.81941   6298.9027   4.0  1  1
		 21   73  2301.81  6300.79417   6300.9165   4.0  1  1
		 21   73  2306.83  6300.95107   6300.9165   4.0  1  1
		 21   73  2317.42   6301.2826   6301.4128   4.0  1  1
		 21   73  2322.69  6301.44774   6301.4128   4.0  1  1
		 21   73  2381.74  6303.29589   6303.2507   4.0  1  1
		 21   73  2566.77  6309.08759     6309.16   4.0  1  1
		 21   73  2621.47  6310.79975   6310.8101   4.0  1  1
		 21   73  2677.59  6312.55619   6312.6222   4.0  1  1
		 21   73  2680.87  6312.65884   6312.6222   4.0  1  1
		 21   73  2729.55  6314.18258   6314.2693   4.0  1  1
		 21   73  2733.64  6314.31059   6314.2693   4.0  1  1
		 21   73  2783.88  6315.88318    6315.775   4.0  1  1
		 21   73  2824.95  6317.16872   6317.1824   4.0  1  1
		 21   73  2974.60  6321.85308   6321.8199   4.0  1  1
		 21   73  3146.73  6327.24101   6327.2778   4.0  1  1
		 21   73  3282.48  6331.48993   6331.4137   4.0  1  1
		 21   73  3313.60  6332.46389   6332.5118   4.0  1  1
		 21   73  3317.54  6332.58725   6332.5118   4.0  1  1
		 21   73  3411.30  6335.52228    6335.406   4.0  1  1
		 21   73  3829.54  6348.61355   6348.7375   4.0  1  1
		 21   73  3836.45  6348.82985   6348.7375   4.0  1  1
		 21   73  4056.30  6355.71138     6355.63   4.0  1  1
		 21   73  4056.30  6355.71138     6355.63   4.0  1  1
		 21   73  4062.61  6355.90863   6355.9108   4.0  1  1
		 21   73  4095.00  6356.92256   6357.0229   4.0  1  1
		 21   73  4099.56  6357.06531   6357.0229   4.0  1  1
		 21   73  4117.44   6357.6249   6357.6779   4.0  1  1
		 22   74   149.57  6150.75996    6150.683   4.0  1  1
		 22   74   268.60  6154.43272   6154.5162   4.0  1  1
		 22   74   272.43  6154.55112   6154.5162   4.0  1  1
		 22   74   295.58  6155.26522   6155.2385   4.0  1  1
		 22   74   298.26  6155.34811   6155.2385   4.0  1  1
		 22   74   305.94  6155.58494    6155.581   4.0  1  1
		 22   74   353.80   6157.0617   6157.0878   4.0  1  1
		 22   74   522.97  6162.28194     6162.17   4.0  1  1
		 22   74   546.40  6163.00496   6162.9699   4.0  1  1
		 22   74   594.22  6164.48047   6164.4796   4.0  1  1
		 22   74   596.81   6164.5606   6164.4796   4.0  1  1
		 22   74   615.65  6165.14174   6165.1232   4.0  1  1
		 22   74   764.67  6169.74003   6169.8221   4.0  1  1
		 22   74   845.93  6172.24773   6172.2778   4.0  1  1
		 22   74  1046.48  6178.43586   6178.4315   4.0  1  1
		 22   74  1123.58  6180.81515    6180.705   4.0  1  1
		 22   74  1325.14  6187.03452    6187.135   4.0  1  1
		 22   74  1396.13  6189.22519   6189.1449   4.0  1  1
		 22   74  1396.13  6189.22519   6189.1449   4.0  1  1
		 22   74  1482.27  6191.88324   6191.9053   4.0  1  1
		 22   74  1485.86  6191.99416   6191.9053   4.0  1  1
		 22   74  1690.11  6198.29663   6198.2227   4.0  1  1
		 22   74  1760.34  6200.46381   6200.4325   4.0  1  1
		 22   74  1779.20   6201.0458   6201.1002   4.0  1  1
		 22   74  1857.20   6203.4525   6203.4925   4.0  1  1
		 22   74  1933.06  6205.79335   6205.8599   4.0  1  1
		 22   74  1996.40  6207.74799   6207.7504   4.0  1  1
		 22   74  2264.41  6216.01786   6215.9383   4.0  1  1
		 22   74  2396.28  6220.08688   6220.0112   4.0  1  1
		 22   74  2436.41   6221.3254   6221.3192   4.0  1  1
		 22   74  2536.99  6224.42892   6224.5272   4.0  1  1
		 22   74  2542.62  6224.60255   6224.5272   4.0  1  1
		 22   74  2598.33  6226.32172   6226.3697   4.0  1  1
		 22   74  2810.64  6232.87307   6232.9745   4.0  1  1
		 22   74  2852.23  6234.15642   6234.1962   4.0  1  1
		 22   74  2875.32  6234.86872   6234.8554   4.0  1  1
		 22   74  3033.75  6239.75759   6239.7121   4.0  1  1
		 22   74  3141.74  6243.08972   6243.1201   4.0  1  1
		 22   74  3144.87  6243.18627   6243.1201   4.0  1  1
		 22   74  3202.02  6244.95004   6245.0409   4.0  1  1
		 22   74  3205.94  6245.07075   6245.0409   4.0  1  1
		 22   74  3222.81   6245.5915   6245.6182   4.0  1  1
		 22   74  3226.81  6245.71491   6245.6182   4.0  1  1
		 22   74  3313.59  6248.39279   6248.4055   4.0  1  1
		 22   74  3380.23  6250.44893   6250.4858   4.0  1  1
		 22   74  3383.10  6250.53767   6250.4858   4.0  1  1
		 22   74  3734.44  6261.37887   6261.4181   4.0  1  1
		 22   74  3737.79  6261.48218   6261.4181   4.0  1  1
		 22   74  3838.39  6264.58634   6264.7139   4.0  1  1
		 22   74  3842.90  6264.72576   6264.7139   4.0  1  1
		 22   74  3870.20  6265.56797   6265.6036   4.0  1  1
		 22   74  3887.75  6266.10952   6266.1737   4.0  1  1
		 22   74  3951.50  6268.07661   6268.2001   4.0  1  1
		 22   74  3954.87  6268.18072   6268.2001   4.0  1  1
		 23   75    42.85  6067.05033   6067.0803   4.0  1  1
		 23   75   108.31   6069.0421   6069.0207   4.0  1  1
		 23   75   111.16  6069.12858   6069.0207   4.0  1  1
		 23   75   242.17  6073.11465   6073.1036   4.0  1  1
		 23   75   371.03  6077.03532   6077.1057   4.0  1  1
		 23   75   375.01  6077.15648   6077.1057   4.0  1  1
		 23   75   397.00  6077.82555   6077.8728   4.0  1  1
		 23   75   413.46  6078.32629   6078.4212   4.0  1  1
		 23   75   439.98  6079.13321   6079.2227   4.0  1  1
		 23   75   507.63   6081.1914   6081.2433   4.0  1  1
		 23   75   511.82  6081.31875   6081.2433   4.0  1  1
		 23   75   644.24  6085.34792   6085.3748   4.0  1  1
		 23   75   659.46  6085.81098   6085.8797   4.0  1  1
		 23   75   709.98   6087.3478   6087.2622   4.0  1  1
		 23   75   732.52  6088.03372   6088.0305   4.0  1  1
		 23   75   808.85  6090.35623   6090.4482   4.0  1  1
		 23   75  1095.10  6099.06526   6099.0831   4.0  1  1
		 23   75  1371.82  6107.48467   6107.5337   4.0  1  1
		 23   75  1374.98  6107.58076   6107.5337   4.0  1  1
		 23   75  1604.44  6114.56204   6114.5392   4.0  1  1
		 23   75  1853.89  6122.15173   6122.2144   4.0  1  1
		 23   75  1891.73  6123.30313   6123.3619   4.0  1  1
		 23   75  1905.13  6123.71056   6123.8331   4.0  1  1
		 23   75  1928.56  6124.42353   6124.4805   4.0  1  1
		 23   75  1969.64  6125.67348   6125.7396   4.0  1  1
		 23   75  2024.48  6127.34195    6127.416   4.0  1  1
		 23   75  2099.33  6129.61924   6129.5458   4.0  1  1
		 23   75  2238.65   6133.8581   6133.8143   4.0  1  1
		 23   75  2369.38   6137.8357    6137.926   4.0  1  1
		 23   75  2375.84  6138.03205    6137.926   4.0  1  1
		 23   75  2394.69  6138.60576   6138.6465   4.0  1  1
		 23   75  2396.96  6138.67469   6138.6465   4.0  1  1
		 23   75  2595.37  6144.71136   6144.7581   4.0  1  1
		 23   75  2598.14   6144.7957   6144.7581   4.0  1  1
		 23   75  2906.63  6154.18143   6154.0682   4.0  1  1
		 23   75  2913.60  6154.39356   6154.5162   4.0  1  1
		 23   75  2944.38  6155.33003   6155.2385   4.0  1  1
		 23   75  2954.16  6155.62763    6155.581   4.0  1  1
		 23   75  3001.50  6157.06794   6157.0878   4.0  1  1
		 23   75  3142.31   6161.3522   6161.3534   4.0  1  1
		 23   75  3499.31  6172.21409   6172.2778   4.0  1  1
		 23   75  3705.29  6178.48116   6178.4315   4.0  1  1
		 23   75  3775.53  6180.61815    6180.705   4.0  1  1
		 23   75  3838.75  6182.54161   6182.6217   4.0  1  1
		 23   75  3843.95  6182.69977   6182.6217   4.0  1  1
		 23   75  3989.97   6187.1426    6187.135   4.0  1  1
		 23   75  4024.75  6188.20081   6188.1251   4.0  1  1
		 24   76    52.94   5989.0528   5989.0447   4.0  1  1
		 24   76   119.48   5991.0493   5991.0071   4.0  1  1
		 24   76   199.19  5993.44115   5993.4941   4.0  1  1
		 24   76   203.47  5993.56949   5993.4941   4.0  1  1
		 24   76   223.03  5994.15638   5994.1287   4.0  1  1
		 24   76   304.50  5996.60072   5996.6297   4.0  1  1
		 24   76   386.01  5999.04657   5998.9987   4.0  1  1
		 24   76   476.13  6001.75067   6001.7339   4.0  1  1
		 24   76   606.32   6005.6568   6005.7242   4.0  1  1
		 24   76   608.48  6005.72162   6005.7242   4.0  1  1
		 24   76   652.82  6007.05205   6007.0722   4.0  1  1
		 24   76   753.52  6010.07362   6010.1606   4.0  1  1
		 24   76   873.84   6013.6837   6013.6777   4.0  1  1
		 24   76   930.03  6015.36958   6015.4218   4.0  1  1
		 24   76  1050.90  6018.99628   6018.9934   4.0  1  1
		 24   76  1093.26  6020.26729   6020.2715   4.0  1  1
		 24   76  1116.99   6020.9793   6021.0357   4.0  1  1
		 24   76  1129.54  6021.35583   6021.4113   4.0  1  1
		 24   76  1133.13  6021.46368   6021.4113   4.0  1  1
		 24   76  1392.01  6029.23134   6029.2257   4.0  1  1
		 24   76  1590.45  6035.18535   6035.1923   4.0  1  1
		 24   76  1646.71  6036.87345   6036.7622   4.0  1  1
		 24   76  1675.58  6037.73952   6037.6975   4.0  1  1
		 24   76  1705.36   6038.6332   6038.6805   4.0  1  1
		 24   76  1854.28  6043.10151   6043.2233   4.0  1  1
		 24   76  1978.91  6046.84087   6046.8977   4.0  1  1
		 24   76  1981.79  6046.92747   6046.8977   4.0  1  1
		 24   76  2115.72  6050.94582   6050.9818   4.0  1  1
		 24   76  2171.20  6052.61066   6052.7229   4.0  1  1
		 24   76  2198.00  6053.41484   6053.3808   4.0  1  1
		 24   76  2394.93  6059.32351   6059.3725   4.0  1  1
		 24   76  2576.44  6064.76962   6064.7508   4.0  1  1
		 24   76  2607.88  6065.71296   6065.7799   4.0  1  1
		 24   76  2650.80  6067.00095   6067.0803   4.0  1  1
		 24   76  2654.32  6067.10649   6067.0803   4.0  1  1
		 24   76  2718.09  6069.01974   6069.0207   4.0  1  1
		 24   76  2765.20  6070.43339   6070.3412   4.0  1  1
		 24   76  2853.53   6073.0837   6073.1036   4.0  1  1
		 24   76  2986.59  6077.07597   6077.1057   4.0  1  1
		 24   76  2990.10  6077.18133   6077.1057   4.0  1  1
		 24   76  3013.89  6077.89509   6077.8728   4.0  1  1
		 24   76  3029.20  6078.35475   6078.4212   4.0  1  1
		 24   76  3035.34  6078.53891   6078.4212   4.0  1  1
		 24   76  3126.74  6081.28141   6081.2433   4.0  1  1
		 24   76  3263.89  6085.39628   6085.3748   4.0  1  1
		 24   76  3277.20  6085.79565   6085.8797   4.0  1  1
		 24   76  3281.25   6085.9172   6085.8797   4.0  1  1
		 24   76  3328.99  6087.34977   6087.2622   4.0  1  1
		 24   76  3350.33  6087.98995   6088.0305   4.0  1  1
		 24   76  3354.16  6088.10482   6088.0305   4.0  1  1
		 24   76  3655.21  6097.13798   6097.1945   4.0  1  1
		 24   76  3659.60  6097.26955   6097.1945   4.0  1  1
		 24   76  3686.47  6098.07576   6098.1205   4.0  1  1
		 24   76  3709.82  6098.77627   6098.8031   4.0  1  1
		 24   76  3720.86  6099.10753   6099.0831   4.0  1  1
		 24   76  3748.52  6099.93745   6099.9886   4.0  1  1
		 24   76  3940.08  6105.68515   6105.6351   4.0  1  1
		 24   76  4003.84   6107.5985   6107.5337   4.0  1  1
		 25   77    31.02  5912.13367   5912.0853   4.0  1  1
		 25   77    70.39  5913.29879   5913.3638   4.0  1  1
		 25   77    74.97  5913.43434   5913.3638   4.0  1  1
		 25   77   104.83  5914.31799   5914.3856   4.0  1  1
		 25   77   118.37  5914.71862   5914.6709   4.0  1  1
		 25   77   185.34  5916.70053   5916.7282   4.0  1  1
		 25   77   261.73  5918.96142   5918.9442   4.0  1  1
		 25   77   540.82  5927.22109   5927.1258   4.0  1  1
		 25   77   592.42  5928.74816    5928.813   4.0  1  1
		 25   77   634.08  5929.98101   5929.9343   4.0  1  1
		 25   77   719.36  5932.50507   5932.4274   4.0  1  1
		 25   77   852.69   5936.4508   5936.3861   4.0  1  1
		 25   77   879.11  5937.23266   5937.1619   4.0  1  1
		 25   77   892.52  5937.62959   5937.6634   4.0  1  1
		 25   77   920.65  5938.46218    5938.457   4.0  1  1
		 25   77   935.30  5938.89586   5938.8252   4.0  1  1
		 25   77  1086.72   5943.3769   5943.4653   4.0  1  1
		 25   77  1090.28  5943.48227   5943.4653   4.0  1  1
		 25   77  1181.58  5946.18453   5946.2347   4.0  1  1
		 25   77  1184.67  5946.27572   5946.2347   4.0  1  1
		 25   77  1463.03  5954.51404   5954.5852   4.0  1  1
		 25   77  1496.89  5955.51589   5955.5616   4.0  1  1
		 25   77  1502.24  5955.67447   5955.5616   4.0  1  1
		 25   77  1523.13  5956.29257   5956.2588   4.0  1  1
		 25   77  1671.90  5960.69545   5960.7806   4.0  1  1
		 25   77  1931.74  5968.38538   5968.3199   4.0  1  1
		 25   77  2108.03  5973.60279   5973.6649   4.0  1  1
		 25   77  2196.50  5976.22104   5976.2005   4.0  1  1
		 25   77  2388.13   5981.8924   5981.8846   4.0  1  1
		 25   77  2570.11  5987.27814   5987.3016   4.0  1  1
		 25   77  2573.18  5987.36893   5987.3016   4.0  1  1
		 25   77  2629.88   5989.0469   5989.0447   4.0  1  1
		 25   77  2696.17  5991.00863   5991.0071   4.0  1  1
		 25   77  2776.82  5993.39575   5993.4941   4.0  1  1
		 25   77  2782.82   5993.5733   5993.4941   4.0  1  1
		 25   77  2801.35  5994.12171   5994.1287   4.0  1  1
		 25   77  2966.57  5999.01137   5998.9987   4.0  1  1
		 25   77  3041.33  6001.22376   6001.2033   4.0  1  1
		 25   77  3058.88   6001.7432   6001.7339   4.0  1  1
		 25   77  3189.23    6005.601   6005.7242   4.0  1  1
		 25   77  3239.60  6007.09158   6007.0722   4.0  1  1
		 25   77  3243.03  6007.19304   6007.0722   4.0  1  1
		 25   77  3388.76  6011.50597   6011.5337   4.0  1  1
		 25   77  3391.20  6011.57821   6011.5337   4.0  1  1
		 25   77  3459.08  6013.58721   6013.6777   4.0  1  1
		 25   77  3551.17  6016.31256   6016.3589   4.0  1  1
		 25   77  3685.65  6020.29255   6020.2715   4.0  1  1
		 25   77  3711.87  6021.06859   6021.0357   4.0  1  1
		 25   77  3723.74  6021.41978   6021.4113   4.0  1  1
		 25   77  3784.46  6023.21669   6023.2242   4.0  1  1
		 25   77  3850.47  6025.17023     6025.15   4.0  1  1
		 25   77  3882.21   6026.1097   6026.0448   4.0  1  1
		 25   77  3997.59  6029.52446     6029.65   4.0  1  1
		 25   77  4084.27  6032.08979   6032.1274   4.0  1  1
		 25   77  4113.17  6032.94483   6032.8726   4.0  1  1
		 26   78    67.09  5838.88032   5838.9502   4.0  1  1
		 26   78    98.62  5839.80106   5839.8514   4.0  1  1
		 26   78   102.39   5839.9111   5839.8514   4.0  1  1
		 26   78   126.99  5840.62939   5840.6404   4.0  1  1
		 26   78   174.80  5842.02525     5842.05   4.0  1  1
		 26   78   265.89  5844.68459   5844.7909   4.0  1  1
		 26   78   540.99  5852.71632   5852.6806   4.0  1  1
		 26   78   569.93  5853.56133   5853.4745   4.0  1  1
		 26   78   701.56   5857.4043   5857.4491   4.0  1  1
		 26   78   703.82  5857.47036   5857.4491   4.0  1  1
		 26   78   799.47  5860.26298   5860.3103   4.0  1  1
		 26   78  1023.88  5866.81475   5866.8119   4.0  1  1
		 26   78  1076.68  5868.35634   5868.3745   4.0  1  1
		 26   78  1079.68  5868.44387   5868.3745   4.0  1  1
		 26   78  1128.89  5869.88056   5869.8507   4.0  1  1
		 26   78  1149.07  5870.46993   5870.5526   4.0  1  1
		 26   78  1170.60  5871.09834   5871.1828   4.0  1  1
		 26   78  1173.71  5871.18923   5871.1828   4.0  1  1
		 26   78  1305.88  5875.04797   5874.9865   4.0  1  1
		 26   78  1445.69  5879.12984   5879.1265   4.0  1  1
		 26   78  1612.81  5884.00909   5884.0331   4.0  1  1
		 26   78  1670.82   5885.7027   5885.7016   4.0  1  1
		 26   78  1699.80  5886.54881   5886.5314   4.0  1  1
		 26   78  1773.10  5888.68886   5888.5841   4.0  1  1
		 26   78  1819.61  5890.04671   5889.9531   4.0  1  1
		 26   78  1864.54  5891.35849    5891.451   4.0  1  1
		 26   78  1870.70  5891.53849    5891.451   4.0  1  1
		 26   78  1981.09  5894.76134   5894.6979   4.0  1  1
		 26   78  1995.52  5895.18277   5895.2818   4.0  1  1
		 26   78  2002.26  5895.37948   5895.2818   4.0  1  1
		 26   78  2037.27  5896.40149   5896.3631   4.0  1  1
		 26   78  2301.63  5904.11984   5904.1592   4.0  1  1
		 26   78  2304.87  5904.21456   5904.1592   4.0  1  1
		 26   78  2336.47  5905.13693   5905.1763   4.0  1  1
		 26   78  2340.88  5905.26578   5905.1763   4.0  1  1
		 26   78  2352.10  5905.59351   5905.5707   4.0  1  1
		 26   78  2616.67  5913.31763   5913.3638   4.0  1  1
		 26   78  2666.07  5914.76012   5914.6709   4.0  1  1
		 26   78  2731.34  5916.66575   5916.7282   4.0  1  1
		 26   78  2735.18  5916.77766   5916.7282   4.0  1  1
		 26   78  2811.04  5918.99265   5918.9442   4.0  1  1
		 26   78  3090.54  5927.15282   5927.1258   4.0  1  1
		 26   78  3408.15  5936.42558   5936.3861   4.0  1  1
		 26   78  3433.68  5937.17106   5937.1619   4.0  1  1
		 26   78  3481.90  5938.57886    5938.457   4.0  1  1
		 26   78  3487.73  5938.74909   5938.8252   4.0  1  1
		 26   78  3551.54  5940.61204   5940.5653   4.0  1  1
		 26   78  3609.84  5942.31422   5942.3585   4.0  1  1
		 26   78  3649.76  5943.47964   5943.4653   4.0  1  1
		 26   78  3831.38  5948.78219   5948.7991   4.0  1  1
		 26   78  4061.63  5955.50467   5955.5616   4.0  1  1
		 27   79   115.01  5767.82181   5767.7785   4.0  1  1
		 27   79   129.80  5768.24793   5768.1812   4.0  1  1
		 27   79   253.17  5771.80184   5771.7601   4.0  1  1
		 27   79   263.67  5772.10432   5772.1143   4.0  1  1
		 27   79   325.87  5773.89603   5773.9463   4.0  1  1
		 27   79   448.01  5777.41458   5777.4006   4.0  1  1
		 27   79   872.83  5789.65211   5789.6451   4.0  1  1
		 27   79   970.37  5792.46196   5792.4304   4.0  1  1
		 27   79  1098.01  5796.13894   5796.0683   4.0  1  1
		 27   79  1138.07  5797.29308   5797.3194   4.0  1  1
		 27   79  1140.97  5797.37654   5797.3194   4.0  1  1
		 27   79  1176.28  5798.39364    5798.478   4.0  1  1
		 27   79  1429.77  5805.69602   5805.7017   4.0  1  1
		 27   79  1432.82  5805.78391   5805.7017   4.0  1  1
		 27   79  1496.96  5807.63149   5807.6814   4.0  1  1
		 27   79  1683.71  5813.01126   5812.9725   4.0  1  1
		 27   79  1911.41  5819.57058   5819.6027   4.0  1  1
		 27   79  2020.71  5822.71903   5822.7933   4.0  1  1
		 27   79  2025.15  5822.84689   5822.7933   4.0  1  1
		 27   79  2143.25    5826.249   5826.2722   4.0  1  1
		 27   79  2244.44  5829.16408   5829.1097   4.0  1  1
		 27   79  2266.48  5829.79902   5829.8625   4.0  1  1
		 27   79  2270.53  5829.91568   5829.8625   4.0  1  1
		 27   79  2299.38  5830.74677   5830.8272   4.0  1  1
		 27   79  2302.88  5830.84762   5830.8272   4.0  1  1
		 27   79  2418.49  5834.17796   5834.2633   4.0  1  1
		 27   79  2587.25  5839.03932   5838.9502   4.0  1  1
		 27   79  2641.42  5840.59982   5840.6404   4.0  1  1
		 27   79  2750.88  5843.75288   5843.8069   4.0  1  1
		 27   79  2753.82  5843.83762   5843.8069   4.0  1  1
		 27   79  2786.71  5844.78503   5844.7909   4.0  1  1
		 27   79  2825.28  5845.89623   5845.9188   4.0  1  1
		 27   79  3058.37  5852.61069   5852.6806   4.0  1  1
		 27   79  3159.13   5855.5134   5855.4986   4.0  1  1
		 27   79  3230.01  5857.55517   5857.4491   4.0  1  1
		 27   79  3443.46  5863.70408   5863.7184   4.0  1  1
		 27   79  3552.55   5866.8465   5866.8119   4.0  1  1
		 27   79  3608.56  5868.46005   5868.3745   4.0  1  1
		 27   79  3656.24  5869.83365   5869.8507   4.0  1  1
		 27   79  3701.89   5871.1485   5871.1828   4.0  1  1
		 27   79  3748.13  5872.48068   5872.6028   4.0  1  1
		 27   79  3802.56  5874.04848   5874.0383   4.0  1  1
		 27   79  3815.24  5874.41391   5874.3513   4.0  1  1
		 27   79  3980.78  5879.18249   5879.1265   4.0  1  1
		 27   79  4099.33  5882.59759   5882.6242   4.0  1  1
		 28   80    87.34  5696.38906   5696.3904   4.0  1  1
		 28   80   157.33  5698.37856   5698.2937   4.0  1  1
		 28   80   245.07   5700.8729   5700.9176   4.0  1  1
		 28   80   308.08  5702.66409   5702.6511   4.0  1  1
		 28   80   414.60  5705.69204   5705.6371   4.0  1  1
		 28   80   768.00  5715.73845   5715.7244   4.0  1  1
		 28   80   816.58  5717.11934   5717.1711   4.0  1  1
		 28   80   901.12  5719.52272   5719.6227   4.0  1  1
		 28   80   904.18  5719.60973   5719.6227   4.0  1  1
		 28   80  1069.49  5724.30919   5724.2374   4.0  1  1
		 28   80  1074.59  5724.45406   5724.4638   4.0  1  1
		 28   80  1105.48  5725.33215   5725.3885   4.0  1  1
		 28   80  1268.94  5729.97885   5729.9823   4.0  1  1
		 28   80  1483.24  5736.07109   5736.0297   4.0  1  1
		 28   80  1665.78   5741.2601   5741.1705   4.0  1  1
		 28   80  1692.90   5742.0312   5742.0838   4.0  1  1
		 28   80  1930.87   5748.7961   5748.7412   4.0  1  1
		 28   80  1964.31  5749.74658   5749.7862   4.0  1  1
		 28   80  1967.22  5749.82933   5749.7862   4.0  1  1
		 28   80  2082.24  5753.09915   5753.0265   4.0  1  1
		 28   80  2449.51  5763.53974    5763.529   4.0  1  1
		 28   80  2598.07  5767.76299   5767.7785   4.0  1  1
		 28   80  2815.10  5773.93265   5773.9463   4.0  1  1
		 28   80  2938.20  5777.43196   5777.4006   4.0  1  1
		 28   80  3019.06  5779.73077   5779.8352   4.0  1  1
		 28   80  3464.81  5792.40229   5792.4304   4.0  1  1
		 28   80  3594.99  5796.10286   5796.0683   4.0  1  1
		 28   80  3640.91  5797.40828   5797.3194   4.0  1  1
		 28   80  3879.71  5804.19688   5804.1412   4.0  1  1
		 28   80  4034.49  5808.59679   5808.6569   4.0  1  1
		 29   81   293.26  5633.27494    5633.295   4.0  1  1
		 29   81   388.03  5635.93396   5635.8792   4.0  1  1
		 29   81   388.03  5635.93396   5635.8792   4.0  1  1
		 29   81   525.18  5639.78205   5639.7461   4.0  1  1
		 29   81   586.98  5641.51592   5641.5575   4.0  1  1
		 29   81   594.48  5641.72634   5641.7342   4.0  1  1
		 29   81   734.80  5645.66356   5645.6688   4.0  1  1
		 29   81   841.42  5648.65488   5648.6863   4.0  1  1
		 29   81   851.66  5648.94235    5648.991   4.0  1  1
		 29   81   856.17  5649.06869    5648.991   4.0  1  1
		 29   81   915.12  5650.72272   5650.7043   4.0  1  1
		 29   81  1029.88  5653.94282   5654.0234   4.0  1  1
		 29   81  1213.42  5659.09228   5659.1272   4.0  1  1
		 29   81  1268.65  5660.64216   5660.6594   4.0  1  1
		 29   81  1352.39  5662.99166    5663.042   4.0  1  1
		 29   81  1431.81  5665.21986   5665.1799   4.0  1  1
		 29   81  1445.58  5665.60624   5665.6283   4.0  1  1
		 29   81  1470.56  5666.30703   5666.4185   4.0  1  1
		 29   81  1740.18  5673.87215   5673.8358   4.0  1  1
		 29   81  1779.01  5674.96155   5674.9864   4.0  1  1
		 29   81  1920.47  5678.93055    5679.005   4.0  1  1
		 29   81  1923.63  5679.01932    5679.005   4.0  1  1
		 29   81  2022.24  5681.78589   5681.9001   4.0  1  1
		 29   81  2141.90   5685.1433   5685.1921   4.0  1  1
		 29   81  2221.23  5687.36911   5687.3489   4.0  1  1
		 29   81  2337.31  5690.62621   5690.6934   4.0  1  1
		 29   81  2373.95  5691.65423   5691.6612   4.0  1  1
		 29   81  2540.71  5696.33312   5696.3904   4.0  1  1
		 29   81  2608.99  5698.24869   5698.2937   4.0  1  1
		 29   81  2873.04  5705.65732   5705.6371   4.0  1  1
		 29   81  2925.45  5707.12792   5707.1033   4.0  1  1
		 29   81  2981.69  5708.70586   5708.6794   4.0  1  1
		 29   81  3230.96  5715.69978   5715.7244   4.0  1  1
		 29   81  3233.85  5715.78096   5715.7244   4.0  1  1
		 29   81  3285.67   5717.2348   5717.1711   4.0  1  1
		 29   81  3372.04  5719.65827   5719.6227   4.0  1  1
		 29   81  3536.01  5724.25892   5724.2374   4.0  1  1
		 29   81  3546.58   5724.5553   5724.4638   4.0  1  1
		 29   81  3742.57   5730.0544   5729.9823   4.0  1  1
		 29   81  3954.90  5736.01175   5736.0297   4.0  1  1
		 29   81  3958.83   5736.1222   5736.0297   4.0  1  1
		 29   81  4077.18  5739.44265   5739.5196   4.0  1  1
		 30   82    16.50  5558.32385   5558.3422   4.0  1  1
		 30   82    28.38  5558.65275    5558.702   4.0  1  1
		 30   82   224.30  5564.07926   5564.2011   4.0  1  1
		 30   82   227.58  5564.17004   5564.2011   4.0  1  1
		 30   82   367.34  5568.04105   5567.9986   4.0  1  1
		 30   82   471.18   5570.9169   5570.9268   4.0  1  1
		 30   82   480.37  5571.17164   5571.1913   4.0  1  1
		 30   82   512.06  5572.04934   5572.0951   4.0  1  1
		 30   82   516.93  5572.18422   5572.0951   4.0  1  1
		 30   82   528.88  5572.51496   5572.4649   4.0  1  1
		 30   82   560.64  5573.39484   5573.3535   4.0  1  1
		 30   82   616.10  5574.93085   5574.9153   4.0  1  1
		 30   82   664.55  5576.27268   5576.2045   4.0  1  1
		 30   82   714.14  5577.64606   5577.6845   4.0  1  1
		 30   82   775.12   5579.3352   5579.3583   4.0  1  1
		 30   82   873.85  5582.06964   5581.9668   4.0  1  1
		 30   82   902.53  5582.86398   5582.8665   4.0  1  1
		 30   82   936.39  5583.80184   5583.7621   4.0  1  1
		 30   82  1009.18  5585.81776   5585.8472   4.0  1  1
		 30   82  1052.28   5587.0116   5587.0263   4.0  1  1
		 30   82  1080.41  5587.79059   5587.7351   4.0  1  1
		 30   82  1115.26  5588.75577   5588.7506   4.0  1  1
		 30   82  1162.35  5590.06023   5590.1127   4.0  1  1
		 30   82  1290.14  5593.59955   5593.6129   4.0  1  1
		 30   82  1319.01  5594.39919   5594.4604   4.0  1  1
		 30   82  1324.20  5594.54289   5594.4604   4.0  1  1
		 30   82  1345.46  5595.13164   5595.0635   4.0  1  1
		 30   82  1428.46  5597.43064   5597.4756   4.0  1  1
		 30   82  1580.27  5601.63516   5601.6032   4.0  1  1
		 30   82  1621.97  5602.79006    5602.863   4.0  1  1
		 30   82  1680.77  5604.41868   5604.5154   4.0  1  1
		 30   82  1685.85  5604.55927   5604.5154   4.0  1  1
		 30   82  1749.69  5606.32752   5606.3861   4.0  1  1
		 30   82  1867.40  5609.58766   5609.5735   4.0  1  1
		 30   82  1909.96  5610.76647   5610.6809   4.0  1  1
		 30   82  1955.18  5612.01902   5612.0679   4.0  1  1
		 30   82  2124.05  5616.69601   5616.6908   4.0  1  1
		 30   82  2146.27  5617.31136   5617.2897   4.0  1  1
		 30   82  2420.64  5624.91068   5624.9129   4.0  1  1
		 30   82  2444.88  5625.58186   5625.6782   4.0  1  1
		 30   82  2617.62  5630.36626   5630.2969   4.0  1  1
		 30   82  2724.59  5633.32908    5633.295   4.0  1  1
		 30   82  2959.12  5639.82485   5639.7461   4.0  1  1
		 30   82  3021.02  5641.53913   5641.5575   4.0  1  1
		 30   82  3027.47  5641.71774   5641.7342   4.0  1  1
		 30   82  3166.04  5645.55573   5645.5249   4.0  1  1
		 30   82  3177.30  5645.86771   5645.8947   4.0  1  1
		 30   82  3181.20  5645.97574   5645.8947   4.0  1  1
		 30   82  3195.93  5646.38368   5646.4514   4.0  1  1
		 30   82  3277.45  5648.64153   5648.6863   4.0  1  1
		 30   82  3281.72  5648.75959   5648.6863   4.0  1  1
		 30   82  3427.06  5652.78505    5652.902   4.0  1  1
		 30   82  3524.00  5655.46998   5655.4897   4.0  1  1
		 30   82  3611.80  5657.90184   5657.9255   4.0  1  1
		 30   82  3657.44  5659.16604   5659.1272   4.0  1  1
		 30   82  3709.69  5660.61299   5660.6594   4.0  1  1
		 30   82  3713.00   5660.7049   5660.6594   4.0  1  1
		 30   82  3796.29  5663.01172    5663.042   4.0  1  1
		 30   82  3856.01  5664.66568    5664.621   4.0  1  1
		 30   82  3873.75  5665.15694   5665.1799   4.0  1  1
		 30   82  3892.39  5665.67337   5665.6283   4.0  1  1
		 30   82  3920.36   5666.4479   5666.4185   4.0  1  1
		 30   82  3944.64  5667.12045   5667.1281   4.0  1  1
		 31   83    13.17  5492.66577   5492.6435   4.0  1  1
		 31   83    16.29  5492.75115   5492.6435   4.0  1  1
		 31   83    29.51  5493.11265    5493.204   4.0  1  1
		 31   83    31.08  5493.15576    5493.204   4.0  1  1
		 31   83   129.95  5495.85919   5495.8738   4.0  1  1
		 31   83   214.89  5498.18171   5498.1841   4.0  1  1
		 31   83   256.69  5499.32481   5499.2554   4.0  1  1
		 31   83   269.28  5499.66916   5499.6478   4.0  1  1
		 31   83   327.68   5501.2659   5501.2814   4.0  1  1
		 31   83   356.31  5502.04885   5501.9439   4.0  1  1
		 31   83   438.30  5504.29097   5504.3018   4.0  1  1
		 31   83   442.02  5504.39253   5504.3018   4.0  1  1
		 31   83   536.11  5506.96535   5506.9196   4.0  1  1
		 31   83   557.22  5507.54274   5507.5385   4.0  1  1
		 31   83   593.22  5508.52712   5508.5585   4.0  1  1
		 31   83   647.37  5510.00782   5509.9938   4.0  1  1
		 31   83   977.02  5519.02195   5518.9893   4.0  1  1
		 31   83   981.91  5519.15552   5519.2353   4.0  1  1
		 31   83  1077.93  5521.78124   5521.7532   4.0  1  1
		 31   83  1191.64  5524.89064    5524.957   4.0  1  1
		 31   83  1194.66  5524.97328    5524.957   4.0  1  1
		 31   83  1278.33  5527.26102   5527.2953   4.0  1  1
		 31   83  1281.33  5527.34323   5527.2953   4.0  1  1
		 31   83  1342.50   5529.0158   5529.0972   4.0  1  1
		 31   83  1347.39  5529.14955   5529.0972   4.0  1  1
		 31   83  1406.48   5530.7652   5530.6977   4.0  1  1
		 31   83  1597.09  5535.97743    5535.971   4.0  1  1
		 31   83  1653.63  5537.52334   5537.5563   4.0  1  1
		 31   83  1692.69  5538.59156   5538.6087   4.0  1  1
		 31   83  1813.48  5541.89452   5541.9357   4.0  1  1
		 31   83  1848.44  5542.85047     5542.89   4.0  1  1
		 31   83  1927.22  5545.00459   5545.0495   4.0  1  1
		 31   83  1967.22  5546.09851   5546.1204   4.0  1  1
		 31   83  2156.71  5551.27995   5551.3719   4.0  1  1
		 31   83  2162.52  5551.43872   5551.3719   4.0  1  1
		 31   83  2335.42  5556.16679   5556.1487   4.0  1  1
		 31   83  2368.50  5557.07122   5557.0454   4.0  1  1
		 31   83  2397.47  5557.86342   5557.9214   4.0  1  1
		 31   83  2401.58  5557.97586   5557.9214   4.0  1  1
		 31   83  2629.83  5564.21727   5564.2011   4.0  1  1
		 31   83  2770.00  5568.05009   5567.9986   4.0  1  1
		 31   83  3209.33  5580.06339   5580.0771   4.0  1  1
		 31   83  3213.54  5580.17832   5580.0771   4.0  1  1
		 31   83  3233.04  5580.71162   5580.7547   4.0  1  1
		 31   83  3308.82  5582.78372   5582.8665   4.0  1  1
		 31   83  3314.98   5582.9522   5582.8665   4.0  1  1
		 31   83  3347.47  5583.84079   5583.7621   4.0  1  1
		 31   83  3420.33  5585.83306   5585.8472   4.0  1  1
		 31   83  3423.44  5585.91795   5585.8472   4.0  1  1
		 31   83  3490.43  5587.74981   5587.7351   4.0  1  1
		 31   83  3524.28  5588.67548   5588.7506   4.0  1  1
		 31   83  3529.36  5588.81423   5588.7506   4.0  1  1
		 31   83  3579.42  5590.18321   5590.1127   4.0  1  1
		 31   83  3734.39  5594.42092   5594.4604   4.0  1  1
		 31   83  3737.87   5594.5159   5594.4604   4.0  1  1
		 31   83  3758.56  5595.08163   5595.0635   4.0  1  1
		 31   83  3847.60  5597.51651   5597.4756   4.0  1  1
		 31   83  3882.64   5598.4745   5598.4794   4.0  1  1
		 31   83  3924.92  5599.63079   5599.6548   4.0  1  1
		 31   83  3995.53  5601.56164   5601.6032   4.0  1  1
		 31   83  3999.12  5601.65961   5601.6032   4.0  1  1
		 31   83  4041.75  5602.82537    5602.863   4.0  1  1
		 31   83  4103.21    5604.506   5604.5154   4.0  1  1
		 32   84    29.50   5429.1023   5429.1048   4.0  1  1
		 32   84   167.79  5432.83603    5432.765   4.0  1  1
		 32   84   181.17  5433.19731   5433.2919   4.0  1  1
		 32   84   185.26  5433.30769   5433.2919   4.0  1  1
		 32   84   201.61  5433.74938   5433.7005   4.0  1  1
		 32   84   214.89  5434.10774   5434.1514   4.0  1  1
		 32   84   250.87  5435.07936   5435.1229   4.0  1  1
		 32   84   272.36  5435.65965   5435.7236   4.0  1  1
		 32   84   335.71  5437.36995   5437.3877   4.0  1  1
		 32   84   363.03   5438.1078   5438.1374   4.0  1  1
		 32   84   430.39  5439.92653   5439.9891   4.0  1  1
		 32   84   458.72  5440.69144   5440.6015   4.0  1  1
		 32   84   514.29  5442.19192   5442.2477   4.0  1  1
		 32   84   546.64  5443.06539   5443.1187   4.0  1  1
		 32   84   568.33   5443.6509   5443.6893   4.0  1  1
		 32   84   699.05  5447.18043   5447.1536   4.0  1  1
		 32   84   739.02  5448.25975   5448.2719   4.0  1  1
		 32   84   782.21  5449.42595   5449.4788   4.0  1  1
		 32   84   865.13  5451.66484    5451.652   4.0  1  1
		 32   84   881.95   5452.1188   5452.2187   4.0  1  1
		 32   84   997.93   5455.2504   5455.1524   4.0  1  1
		 32   84  1133.91    5458.922   5458.9676   4.0  1  1
		 32   84  1137.98  5459.03179   5458.9676   4.0  1  1
		 32   84  1236.32  5461.68725   5461.7358   4.0  1  1
		 32   84  1240.03   5461.7872   5461.7358   4.0  1  1
		 32   84  1268.70  5462.56147   5462.6129   4.0  1  1
		 32   84  1272.45  5462.66273   5462.6129   4.0  1  1
		 32   84  1442.55  5467.25559   5467.1704   4.0  1  1
		 32   84  1572.49  5470.76389   5470.7591   4.0  1  1
		 32   84  1822.59  5477.51695   5477.5522   4.0  1  1
		 32   84  1879.30  5479.04806   5479.0751   4.0  1  1
		 32   84  1946.25  5480.85576   5480.8907   4.0  1  1
		 32   84  1949.70  5480.94884   5480.8907   4.0  1  1
		 32   84  2070.51  5484.21073   5484.1467   4.0  1  1
		 32   84  2202.49  5487.77427   5487.8414   4.0  1  1
		 32   84  2229.32  5488.49882   5488.6287   4.0  1  1
		 32   84  2243.68  5488.88646   5488.9254   4.0  1  1
		 32   84  2248.15  5489.00713   5488.9254   4.0  1  1
		 32   84  2290.61  5490.15358   5490.1194   4.0  1  1
		 32   84  2383.58   5492.6638   5492.6435   4.0  1  1
		 32   84  2401.58  5493.15003    5493.204   4.0  1  1
		 32   84  2447.26  5494.38333   5494.3306   4.0  1  1
		 32   84  2510.02  5496.07786    5496.137   4.0  1  1
		 32   84  2590.64  5498.25469   5498.1841   4.0  1  1
		 32   84  2629.83  5499.31295   5499.2554   4.0  1  1
		 32   84  2645.57  5499.73783   5499.6478   4.0  1  1
		 32   84  2701.80  5501.25612   5501.2814   4.0  1  1
		 32   84  2729.78  5502.01163   5501.9439   4.0  1  1
		 32   84  2813.77  5504.27944   5504.3018   4.0  1  1
		 32   84  2816.25  5504.34631   5504.3018   4.0  1  1
		 32   84  3209.33  5514.95979   5514.8731   4.0  1  1
		 32   84  3371.77  5519.34569   5519.2353   4.0  1  1
		 32   84  3459.92   5521.7258   5521.7532   4.0  1  1
		 32   84  3564.75  5524.55622   5524.5824   4.0  1  1
		 32   84  3568.93  5524.66914   5524.5824   4.0  1  1
		 32   84  3579.42   5524.9524    5524.957   4.0  1  1
		 32   84  3582.89  5525.04606    5524.957   4.0  1  1
		 32   84  3734.40  5529.13684   5529.0972   4.0  1  1
		 32   84  3768.95  5530.06987   5530.0763   4.0  1  1
		 32   84  3791.08  5530.66739   5530.6977   4.0  1  1
		 32   84  4041.75  5537.43559   5537.5563   4.0  1  1
	offset	52
	niterate 0
	lowreject 3.
	highreject 3.
	coefficients	12
		1.
		2.
		2.
		1.
		1.
		4122.
		53.
		84.
		458899.7886339569
		4722.435885695427
		1753.485595137035
		-49.1067151071146

